0	5.61231	0	0	0	0	0	0	-2.80616
0.05	5.61231	0	0	0	0	0	0	-2.80616
0.1	5.61231	0	0	-0.280616	0	0	0.0393725	-2.80616
0.15	5.59828	0	0	-0.561231	0	0	0.15749	-2.79914
0.2	5.57022	0	0	-0.841145	0	0	0.353762	-2.78511
0.25	5.52816	0	0	-1.11966	0	0	0.626815	-2.76408
0.3	5.47218	0	0	-1.39606	0	0	0.974497	-2.73609
0.35	5.40237	0	0	-1.66967	0	0	1.3939	-2.70119
0.4	5.31889	0	0	-1.93979	0	0	1.8814	-2.65945
0.45	5.2219	0	0	-2.20574	0	0	2.43264	-2.61095
0.5	5.11161	0	0	-2.46683	0	0	3.04263	-2.55581
0.55	4.98827	0	0	-2.72241	0	0	3.70576	-2.49414
0.6	4.85215	0	0	-2.97183	0	0	4.41587	-2.42608
0.65	4.70356	0	0	-3.21443	0	0	5.16629	-2.35178
0.7	4.54284	0	0	-3.44961	0	0	5.94991	-2.27142
0.75	4.37036	0	0	-3.67675	0	0	6.75926	-2.18518
0.8	4.18652	0	0	-3.89527	0	0	7.58657	-2.09326
0.85	3.99176	0	0	-4.1046	0	0	8.42386	-1.99588
0.9	3.78653	0	0	-4.30419	0	0	9.263	-1.89326
0.95	3.57132	0	0	-4.49351	0	0	10.0958	-1.78566
1	3.34664	0	0	-4.67208	0	0	10.9142	-1.67332
1.05	3.11304	0	0	-4.83941	0	0	11.7099	-1.55652
1.1	2.87107	0	0	-4.99506	0	0	12.4753	-1.43553
1.15	2.62132	0	0	-5.13862	0	0	13.2027	-1.31066
1.2	2.36438	0	0	-5.26968	0	0	13.8848	-1.18219
1.25	2.1009	0	0	-5.3879	0	0	14.5147	-1.05045
1.3	1.83151	0	0	-5.49295	0	0	15.0862	-0.915753
1.35	1.55686	0	0	-5.58452	0	0	15.5934	-0.778429
1.4	1.27763	0	0	-5.66236	0	0	16.0312	-0.638816
1.45	0.994514	0	0	-5.72624	0	0	16.3949	-0.497257
1.5	0.708202	0	0	-5.77597	0	0	16.6809	-0.354101
1.55	0.419404	0	0	-5.81138	0	0	16.8861	-0.209702
1.6	0.128835	0	0	-5.83235	0	0	17.0082	-0.0644173
1.65	-0.162783	0	0	-5.83879	0	0	17.0457	-0.0813915
1.7	-0.454723	0	0	-5.83065	0	0	16.9983	-0.227361
1.75	-0.746255	0	0	-5.80792	0	0	16.866	-0.373128
1.8	-1.03665	0	0	-5.7706	0	0	16.6499	-0.518326
1.85	-1.32518	0	0	-5.71877	0	0	16.3522	-0.662591
1.9	-1.61112	0	0	-5.65251	0	0	15.9755	-0.80556
1.95	-1.89375	0	0	-5.57196	0	0	15.5234	-0.946873
2	-2.17234	0	0	-5.47727	0	0	15.0002	-1.08617
2.05	-2.44621	0	0	-5.36865	0	0	14.4112	-1.2231
2.1	-2.71464	0	0	-5.24634	0	0	13.7621	-1.35732
2.15	-2.97696	0	0	-5.11061	0	0	13.0592	-1.48848
2.2	-3.23249	0	0	-4.96176	0	0	12.3095	-1.61624
2.25	-3.48058	0	0	-4.80014	0	0	11.5207	-1.74029
2.3	-3.72058	0	0	-4.62611	0	0	10.7004	-1.86029
2.35	-3.95189	0	0	-4.44008	0	0	9.85716	-1.97594
2.4	-4.17389	0	0	-4.24249	0	0	8.99934	-2.08695
2.45	-4.38602	0	0	-4.03379	0	0	8.13574	-2.19301
2.5	-4.58771	0	0	-3.81449	0	0	7.27517	-2.29385
2.55	-4.77843	0	0	-3.58511	0	0	6.42649	-2.38922
2.6	-4.95769	0	0	-3.34618	0	0	5.59847	-2.47884
2.65	-5.12499	0	0	-3.0983	0	0	4.79973	-2.5625
2.7	-5.27991	0	0	-2.84205	0	0	4.03862	-2.63995
2.75	-5.42201	0	0	-2.57805	0	0	3.32318	-2.71101
2.8	-5.55091	0	0	-2.30695	0	0	2.66102	-2.77546
2.85	-5.66626	0	0	-2.02941	0	0	2.05925	-2.83313
2.9	-5.76773	0	0	-1.74609	0	0	1.52442	-2.88387
2.95	-5.85504	0	0	-1.45771	0	0	1.06246	-2.92752
3	-5.92792	0	0	-1.16496	0	0	0.678561	-2.96396
3.05	-5.98617	0	0	-0.86856	0	0	0.377198	-2.99309
3.1	-6.0296	0	0	-0.569252	0	0	0.162024	-3.0148
3.15	-6.05806	0	0	-0.267772	0	0	0.0358508	-3.02903
3.2	-6.07145	0	0	0.0351315	0	0	0.000617111	-3.03572
3.25	-6.06969	0	0	0.338704	0	0	0.0573602	-3.03485
3.3	-6.05276	0	0	0.642189	0	0	0.206203	-3.02638
3.35	-6.02065	0	0	0.944827	0	0	0.446349	-3.01032
3.4	-5.97341	0	0	1.24586	0	0	0.776082	-2.9867
3.45	-5.91111	0	0	1.54453	0	0	1.19279	-2.95556
3.5	-5.83389	0	0	1.84009	0	0	1.69296	-2.91694
3.55	-5.74188	0	0	2.13178	0	0	2.27224	-2.87094
3.6	-5.63529	0	0	2.41887	0	0	2.92547	-2.81765
3.65	-5.51435	0	0	2.70064	0	0	3.64672	-2.75718
3.7	-5.37932	0	0	2.97636	0	0	4.42935	-2.68966
3.75	-5.2305	0	0	3.24532	0	0	5.26606	-2.61525
3.8	-5.06824	0	0	3.50685	0	0	6.14899	-2.53412
3.85	-4.89289	0	0	3.76026	0	0	7.06977	-2.44645
3.9	-4.70488	0	0	4.0049	0	0	8.01963	-2.35244
3.95	-4.50463	0	0	4.24015	0	0	8.98942	-2.25232
4	-4.29263	0	0	4.46538	0	0	9.96981	-2.14631
4.05	-4.06936	0	0	4.68001	0	0	10.9512	-2.03468
4.1	-3.83536	0	0	4.88348	0	0	11.9242	-1.91768
4.15	-3.59118	0	0	5.07525	0	0	12.8791	-1.79559
4.2	-3.33742	0	0	5.25481	0	0	13.8065	-1.66871
4.25	-3.07468	0	0	5.42168	0	0	14.6973	-1.53734
4.3	-2.8036	0	0	5.57541	0	0	15.5426	-1.4018
4.35	-2.52483	0	0	5.71559	0	0	16.334	-1.26241
4.4	-2.23905	0	0	5.84183	0	0	17.0635	-1.11952
4.45	-1.94696	0	0	5.95378	0	0	17.7238	-0.973478
4.5	-1.64927	0	0	6.05113	0	0	18.3081	-0.824633
4.55	-1.34671	0	0	6.1336	0	0	18.8105	-0.673355
4.6	-1.04003	0	0	6.20093	0	0	19.2258	-0.520015
4.65	-0.729984	0	0	6.25293	0	0	19.5496	-0.364992
4.7	-0.417337	0	0	6.28943	0	0	19.7785	-0.208669
4.75	-0.102866	0	0	6.3103	0	0	19.9099	-0.0514328
4.8	0.212649	0	0	6.31544	0	0	19.9424	-0.106325
4.85	0.528421	0	0	6.30481	0	0	19.8753	-0.264211
4.9	0.843662	0	0	6.27839	0	0	19.7091	-0.421831
4.95	1.15758	0	0	6.23621	0	0	19.4451	-0.578791
5	1.46939	0	0	6.17833	0	0	19.0859	-0.734696
5.05	1.77831	0	0	6.10486	0	0	18.6346	-0.889154
5.1	2.08355	0	0	6.01594	0	0	18.0958	-1.04178
5.15	2.38435	0	0	5.91176	0	0	17.4745	-1.19217
5.2	2.67994	0	0	5.79255	0	0	16.7768	-1.33997
5.25	2.96956	0	0	5.65855	0	0	16.0096	-1.48478
5.3	3.25249	0	0	5.51007	0	0	15.1804	-1.62625
5.35	3.52799	0	0	5.34745	0	0	14.2976	-1.764
5.4	3.79537	0	0	5.17105	0	0	13.3699	-1.89768
5.45	4.05392	0	0	4.98128	0	0	12.4066	-2.02696
5.5	4.30298	0	0	4.77858	0	0	11.4174	-2.15149
5.55	4.54191	0	0	4.56343	0	0	10.4125	-2.27096
5.6	4.77008	0	0	4.33634	0	0	9.40191	-2.38504
5.65	4.9869	0	0	4.09783	0	0	8.39612	-2.49345
5.7	5.19179	0	0	3.84849	0	0	7.40543	-2.5959
5.75	5.38422	0	0	3.5889	0	0	6.4401	-2.69211
5.8	5.56366	0	0	3.31969	0	0	5.51017	-2.78183
5.85	5.72965	0	0	3.04151	0	0	4.62538	-2.86482
5.9	5.88172	0	0	2.75502	0	0	3.79508	-2.94086
5.95	6.01947	0	0	2.46094	0	0	3.0281	-3.00974
6	6.14252	0	0	2.15996	0	0	2.33272	-3.07126
6.05	6.25052	0	0	1.85284	0	0	1.7165	-3.12526
6.1	6.34316	0	0	1.54031	0	0	1.18628	-3.17158
6.15	6.42017	0	0	1.22315	0	0	0.748052	-3.21009
6.2	6.48133	0	0	0.902145	0	0	0.406932	-3.24067
6.25	6.52644	0	0	0.578078	0	0	0.167087	-3.26322
6.3	6.55534	0	0	0.251756	0	0	0.0316906	-3.27767
6.35	6.56793	0	0	-0.0760111	0	0	0.00288885	-3.28397
6.4	6.56413	0	0	-0.404408	0	0	0.0817728	-3.28207
6.45	6.54391	0	0	-0.732614	0	0	0.268362	-3.27196
6.5	6.50728	0	0	-1.05981	0	0	0.561598	-3.25364
6.55	6.45429	0	0	-1.38517	0	0	0.959353	-3.22714
6.6	6.38503	0	0	-1.70789	0	0	1.45844	-3.19252
6.65	6.29964	0	0	-2.02714	0	0	2.05465	-3.14982
6.7	6.19828	0	0	-2.34212	0	0	2.74277	-3.09914
6.75	6.08117	0	0	-2.65204	0	0	3.51665	-3.04059
6.8	5.94857	0	0	-2.95609	0	0	4.36925	-2.97429
6.85	5.80077	0	0	-3.25352	0	0	5.29271	-2.90038
6.9	5.63809	0	0	-3.54356	0	0	6.27841	-2.81905
6.95	5.46091	0	0	-3.82547	0	0	7.31709	-2.73046
7	5.26964	0	0	-4.09851	0	0	8.3989	-2.63482
7.05	5.06471	0	0	-4.36199	0	0	9.51349	-2.53236
7.1	4.84661	0	0	-4.61523	0	0	10.6502	-2.42331
7.15	4.61585	0	0	-4.85756	0	0	11.7979	-2.30793
7.2	4.37297	0	0	-5.08835	0	0	12.9457	-2.18649
7.25	4.11856	0	0	-5.307	0	0	14.0821	-2.05928
7.3	3.85321	0	0	-5.51293	0	0	15.1962	-1.9266
7.35	3.57756	0	0	-5.70559	0	0	16.2769	-1.78878
7.4	3.29228	0	0	-5.88447	0	0	17.3135	-1.64614
7.45	2.99806	0	0	-6.04908	0	0	18.2957	-1.49903
7.5	2.6956	0	0	-6.19898	0	0	19.2137	-1.3478
7.55	2.38565	0	0	-6.33376	0	0	20.0583	-1.19283
7.6	2.06897	0	0	-6.45305	0	0	20.8209	-1.03448
7.65	1.74631	0	0	-6.5565	0	0	21.4938	-0.873157
7.7	1.41849	0	0	-6.64381	0	0	22.0701	-0.709245
7.75	1.0863	0	0	-6.71474	0	0	22.5438	-0.543149
7.8	0.750562	0	0	-6.76905	0	0	22.91	-0.375281
7.85	0.412109	0	0	-6.80658	0	0	23.1648	-0.206055
7.9	0.0717803	0	0	-6.82718	0	0	23.3052	-0.0358901
7.95	-0.269579	0	0	-6.83077	0	0	23.3297	-0.134789
8	-0.611118	0	0	-6.81729	0	0	23.2377	-0.305559
8.05	-0.951982	0	0	-6.78674	0	0	23.0299	-0.475991
8.1	-1.29132	0	0	-6.73914	0	0	22.708	-0.64566
8.15	-1.62828	0	0	-6.67457	0	0	22.275	-0.814138
8.2	-1.962	0	0	-6.59316	0	0	21.7349	-0.981002
8.25	-2.29166	0	0	-6.49506	0	0	21.0929	-1.14583
8.3	-2.61642	0	0	-6.38048	0	0	20.3552	-1.30821
8.35	-2.93544	0	0	-6.24966	0	0	19.5291	-1.46772
8.4	-3.24792	0	0	-6.10288	0	0	18.6226	-1.62396
8.45	-3.55307	0	0	-5.94049	0	0	17.6447	-1.77653
8.5	-3.85009	0	0	-5.76283	0	0	16.6051	-1.92505
8.55	-4.13823	0	0	-5.57033	0	0	15.5143	-2.06912
8.6	-4.41675	0	0	-5.36342	0	0	14.3831	-2.20837
8.65	-4.68492	0	0	-5.14258	0	0	13.2231	-2.34246
8.7	-4.94205	0	0	-4.90833	0	0	12.0459	-2.47102
8.75	-5.18747	0	0	-4.66123	0	0	10.8635	-2.59373
8.8	-5.42053	0	0	-4.40186	0	0	9.68818	-2.71026
8.85	-5.64062	0	0	-4.13083	0	0	8.53189	-2.82031
8.9	-5.84716	0	0	-3.8488	0	0	7.40663	-2.92358
8.95	-6.0396	0	0	-3.55644	0	0	6.32414	-3.0198
9	-6.21742	0	0	-3.25446	0	0	5.29576	-3.10871
9.05	-6.38015	0	0	-2.94359	0	0	4.33237	-3.19007
9.1	-6.52733	0	0	-2.62458	0	0	3.44422	-3.26366
9.15	-6.65856	0	0	-2.29822	0	0	2.6409	-3.32928
9.2	-6.77347	0	0	-1.96529	0	0	1.93118	-3.38673
9.25	-6.87173	0	0	-1.62662	0	0	1.32294	-3.43587
9.3	-6.95306	0	0	-1.28303	0	0	0.823083	-3.47653
9.35	-7.01721	0	0	-0.935377	0	0	0.437465	-3.50861
9.4	-7.06398	0	0	-0.584517	0	0	0.17083	-3.53199
9.45	-7.09321	0	0	-0.231317	0	0	0.0267539	-3.5466
9.5	-7.10477	0	0	0.123343	0	0	0.00760674	-3.55239
9.55	-7.09861	0	0	0.478582	0	0	0.11452	-3.5493
9.6	-7.07468	0	0	0.833512	0	0	0.347371	-3.53734
9.65	-7.033	0	0	1.18725	0	0	0.704776	-3.5165
9.7	-6.97364	0	0	1.5389	0	0	1.1841	-3.48682
9.75	-6.8967	0	0	1.88758	0	0	1.78148	-3.44835
9.8	-6.80232	0	0	2.23241	0	0	2.49183	-3.40116
9.85	-6.6907	0	0	2.57253	0	0	3.30895	-3.34535
9.9	-6.56207	0	0	2.90706	0	0	4.22551	-3.28103
9.95	-6.41672	0	0	3.23517	0	0	5.23315	-3.20836
10	-6.25496	0	0	3.556	0	0	6.32258	-3.12748
10.05	-6.07716	0	0	3.86875	0	0	7.48362	-3.03858
10.1	-5.88372	0	0	4.17261	0	0	8.70533	-2.94186
10.15	-5.67509	0	0	4.46679	0	0	9.97613	-2.83754
10.2	-5.45175	0	0	4.75055	0	0	11.2839	-2.72587
10.25	-5.21422	0	0	5.02314	0	0	12.6159	-2.60711
10.3	-4.96307	0	0	5.28385	0	0	13.9595	-2.48153
10.35	-4.69887	0	0	5.532	0	0	15.3015	-2.34944
10.4	-4.42227	0	0	5.76694	0	0	16.6288	-2.21114
10.45	-4.13393	0	0	5.98806	0	0	17.9284	-2.06696
10.5	-3.83452	0	0	6.19475	0	0	19.1875	-1.91726
10.55	-3.52479	0	0	6.38648	0	0	20.3936	-1.76239
10.6	-3.20546	0	0	6.56272	0	0	21.5346	-1.60273
10.65	-2.87733	0	0	6.72299	0	0	22.5993	-1.43866
10.7	-2.54118	0	0	6.86686	0	0	23.5769	-1.27059
10.75	-2.19783	0	0	6.99392	0	0	24.4574	-1.09892
10.8	-1.84814	0	0	7.10381	0	0	25.2321	-0.924068
10.85	-1.49295	0	0	7.19622	0	0	25.8928	-0.746473
10.9	-1.13314	0	0	7.27086	0	0	26.4327	-0.566568
10.95	-0.769592	0	0	7.32752	0	0	26.8463	-0.384796
11	-0.403216	0	0	7.366	0	0	27.129	-0.201608
11.05	-0.0349163	0	0	7.38616	0	0	27.2777	-0.0174582
11.1	0.334392	0	0	7.38791	0	0	27.2906	-0.167196
11.15	0.703787	0	0	7.37119	0	0	27.1672	-0.351894
11.2	1.07235	0	0	7.336	0	0	26.9084	-0.536173
11.25	1.43915	0	0	7.28238	0	0	26.5165	-0.719573
11.3	1.80327	0	0	7.21042	0	0	25.9951	-0.901633
11.35	2.16379	0	0	7.12026	0	0	25.349	-1.08189
11.4	2.5198	0	0	7.01207	0	0	24.5846	-1.2599
11.45	2.8704	0	0	6.88608	0	0	23.7091	-1.4352
11.5	3.21471	0	0	6.74256	0	0	22.7311	-1.60735
11.55	3.55184	0	0	6.58183	0	0	21.6602	-1.77592
11.6	3.88093	0	0	6.40423	0	0	20.5071	-1.94046
11.65	4.20114	0	0	6.21019	0	0	19.2832	-2.10057
11.7	4.51165	0	0	6.00013	0	0	18.0008	-2.25582
11.75	4.81165	0	0	5.77455	0	0	16.6727	-2.40583
11.8	5.10038	0	0	5.53397	0	0	15.3124	-2.55019
11.85	5.37708	0	0	5.27895	0	0	13.9336	-2.68854
11.9	5.64103	0	0	5.01009	0	0	12.5505	-2.82051
11.95	5.89153	0	0	4.72804	0	0	11.1772	-2.94577
12	6.12793	0	0	4.43346	0	0	9.8278	-3.06397
12.05	6.34961	0	0	4.12707	0	0	8.51634	-3.1748
12.1	6.55596	0	0	3.80959	0	0	7.25648	-3.27798
12.15	6.74644	0	0	3.48179	0	0	6.06143	-3.37322
12.2	6.92053	0	0	3.14447	0	0	4.94384	-3.46026
12.25	7.07775	0	0	2.79844	0	0	3.91564	-3.53888
12.3	7.21767	0	0	2.44455	0	0	2.98792	-3.60884
12.35	7.3399	0	0	2.08367	0	0	2.17084	-3.66995
12.4	7.44409	0	0	1.71667	0	0	1.47349	-3.72204
12.45	7.52992	0	0	1.34447	0	0	0.9038	-3.76496
12.5	7.59714	0	0	0.967974	0	0	0.468487	-3.79857
12.55	7.64554	0	0	0.588117	0	0	0.172941	-3.82277
12.6	7.67495	0	0	0.20584	0	0	0.021185	-3.83747
12.65	7.68524	0	0	-0.177907	0	0	0.0158255	-3.84262
12.7	7.67634	0	0	-0.562169	0	0	0.158017	-3.83817
12.75	7.64824	0	0	-0.945987	0	0	0.447445	-3.82412
12.8	7.60094	0	0	-1.3284	0	0	0.882321	-3.80047
12.85	7.53452	0	0	-1.70845	0	0	1.45939	-3.76726
12.9	7.44909	0	0	-2.08517	0	0	2.17397	-3.72455
12.95	7.34484	0	0	-2.45763	0	0	3.01996	-3.67242
13	7.22195	0	0	-2.82487	0	0	3.98994	-3.61098
13.05	7.08071	0	0	-3.18597	0	0	5.07519	-3.54036
13.1	6.92141	0	0	-3.54	0	0	6.2658	-3.46071
13.15	6.74441	0	0	-3.88607	0	0	7.55077	-3.37221
13.2	6.55011	0	0	-4.22329	0	0	8.9181	-3.27505
13.25	6.33894	0	0	-4.5508	0	0	10.3549	-3.16947
13.3	6.1114	0	0	-4.86774	0	0	11.8475	-3.0557
13.35	5.86802	0	0	-5.17331	0	0	13.3816	-2.93401
13.4	5.60935	0	0	-5.46672	0	0	14.9425	-2.80468
13.45	5.33602	0	0	-5.74718	0	0	16.5151	-2.66801
13.5	5.04866	0	0	-6.01398	0	0	18.084	-2.52433
13.55	4.74796	0	0	-6.26642	0	0	19.634	-2.37398
13.6	4.43464	0	0	-6.50381	0	0	21.1498	-2.21732
13.65	4.10945	0	0	-6.72555	0	0	22.6165	-2.05472
13.7	3.77317	0	0	-6.93102	0	0	24.0195	-1.88658
13.75	3.42662	0	0	-7.11968	0	0	25.3449	-1.71331
13.8	3.07063	0	0	-7.29101	0	0	26.5794	-1.53532
13.85	2.70608	0	0	-7.44454	0	0	27.7106	-1.35304
13.9	2.33386	0	0	-7.57984	0	0	28.727	-1.16693
13.95	1.95486	0	0	-7.69654	0	0	29.6183	-0.977432
14	1.57004	0	0	-7.79428	0	0	30.3754	-0.785019
14.05	1.18032	0	0	-7.87278	0	0	30.9903	-0.590162
14.1	0.786684	0	0	-7.9318	0	0	31.4567	-0.393342
14.15	0.390094	0	0	-7.97113	0	0	31.7695	-0.195047
14.2	-0.00846247	0	0	-7.99064	0	0	31.9251	-0.00423124
14.25	-0.407994	0	0	-7.99021	0	0	31.9218	-0.203997
14.3	-0.807505	0	0	-7.96981	0	0	31.759	-0.403752
14.35	-1.206	0	0	-7.92944	0	0	31.438	-0.602998
14.4	-1.60247	0	0	-7.86914	0	0	30.9617	-0.801234
14.45	-1.99592	0	0	-7.78902	0	0	30.3344	-0.997962
14.5	-2.38538	0	0	-7.68922	0	0	29.562	-1.19269
14.55	-2.76984	0	0	-7.56995	0	0	28.6521	-1.38492
14.6	-3.14833	0	0	-7.43146	0	0	27.6133	-1.57417
14.65	-3.51991	0	0	-7.27404	0	0	26.4558	-1.75995
14.7	-3.88361	0	0	-7.09805	0	0	25.1911	-1.9418
14.75	-4.23851	0	0	-6.90387	0	0	23.8317	-2.11926
14.8	-4.5837	0	0	-6.69194	0	0	22.391	-2.29185
14.85	-4.9183	0	0	-6.46276	0	0	20.8836	-2.45915
14.9	-5.24144	0	0	-6.21684	0	0	19.3246	-2.62072
14.95	-5.55228	0	0	-5.95477	0	0	17.7296	-2.77614
15	-5.85002	0	0	-5.67715	0	0	16.115	-2.92501
15.05	-6.13388	0	0	-5.38465	0	0	14.4972	-3.06694
15.1	-6.40311	0	0	-5.07796	0	0	12.8928	-3.20155
15.15	-6.65701	0	0	-4.7578	0	0	11.3183	-3.3285
15.2	-6.8949	0	0	-4.42495	0	0	9.79011	-3.44745
15.25	-7.11615	0	0	-4.08021	0	0	8.32405	-3.55807
15.3	-7.32016	0	0	-3.7244	0	0	6.93558	-3.66008
15.35	-7.50638	0	0	-3.35839	0	0	5.6394	-3.75319
15.4	-7.6743	0	0	-2.98307	0	0	4.44937	-3.83715
15.45	-7.82345	0	0	-2.59936	0	0	3.37834	-3.91172
15.5	-7.95342	0	0	-2.20819	0	0	2.43805	-3.97671
15.55	-8.06383	0	0	-1.81052	0	0	1.63898	-4.03191
15.6	-8.15435	0	0	-1.40733	0	0	0.990282	-4.07718
15.65	-8.22472	0	0	-0.999607	0	0	0.499608	-4.11236
15.7	-8.2747	0	0	-0.588372	0	0	0.173091	-4.13735
15.75	-8.30412	0	0	-0.174637	0	0	0.015249	-4.15206
15.8	-8.31285	0	0	0.240569	0	0	0.0289368	-4.15642
15.85	-8.30082	0	0	0.656212	0	0	0.215307	-4.15041
15.9	-8.26801	0	0	1.07125	0	0	0.573791	-4.13401
15.95	-8.21445	0	0	1.48465	0	0	1.1021	-4.10722
16	-8.14022	0	0	1.89538	0	0	1.79622	-4.07011
16.05	-8.04545	0	0	2.30239	0	0	2.65049	-4.02272
16.1	-7.93033	0	0	2.70466	0	0	3.65759	-3.96516
16.15	-7.79509	0	0	3.10118	0	0	4.80864	-3.89755
16.2	-7.64004	0	0	3.49093	0	0	6.0933	-3.82002
16.25	-7.46549	0	0	3.87293	0	0	7.4998	-3.73274
16.3	-7.27184	0	0	4.24621	0	0	9.01513	-3.63592
16.35	-7.05953	0	0	4.6098	0	0	10.6251	-3.52977
16.4	-6.82904	0	0	4.96278	0	0	12.3146	-3.41452
16.45	-6.5809	0	0	5.30423	0	0	14.0674	-3.29045
16.5	-6.31569	0	0	5.63327	0	0	15.8669	-3.15785
16.55	-6.03403	0	0	5.94906	0	0	17.6956	-3.01701
16.6	-5.73658	0	0	6.25076	0	0	19.536	-2.86829
16.65	-5.42404	0	0	6.53759	0	0	21.37	-2.71202
16.7	-5.09716	0	0	6.80879	0	0	23.1798	-2.54858
16.75	-4.75672	0	0	7.06365	0	0	24.9476	-2.37836
16.8	-4.40354	0	0	7.30148	0	0	26.6558	-2.20177
16.85	-4.03846	0	0	7.52166	0	0	28.2877	-2.01923
16.9	-3.66238	0	0	7.72358	0	0	29.8269	-1.83119
16.95	-3.2762	0	0	7.9067	0	0	31.258	-1.6381
17	-2.88087	0	0	8.07051	0	0	32.5666	-1.44043
17.05	-2.47734	0	0	8.21456	0	0	33.7395	-1.23867
17.1	-2.06661	0	0	8.33842	0	0	34.7646	-1.03331
17.15	-1.64969	0	0	8.44175	0	0	35.6316	-0.824845
17.2	-1.2276	0	0	8.52424	0	0	36.3313	-0.613802
17.25	-0.801391	0	0	8.58562	0	0	36.8564	-0.400696
17.3	-0.37211	0	0	8.62569	0	0	37.2012	-0.186055
17.35	0.0591739	0	0	8.64429	0	0	37.3619	-0.029587
17.4	0.491389	0	0	8.64133	0	0	37.3363	-0.245694
17.45	0.923455	0	0	8.61676	0	0	37.1243	-0.461728
17.5	1.35429	0	0	8.57059	0	0	36.7275	-0.677147
17.55	1.78282	0	0	8.50288	0	0	36.1495	-0.891412
17.6	2.20797	0	0	8.41374	0	0	35.3955	-1.10398
17.65	2.62865	0	0	8.30334	0	0	34.4727	-1.31433
17.7	3.04382	0	0	8.1719	0	0	33.39	-1.52191
17.75	3.45242	0	0	8.01971	0	0	32.1579	-1.72621
17.8	3.8534	0	0	7.84709	0	0	30.7884	-1.9267
17.85	4.24576	0	0	7.65442	0	0	29.2951	-2.12288
17.9	4.62848	0	0	7.44214	0	0	27.6927	-2.31424
17.95	5.00058	0	0	7.21071	0	0	25.9972	-2.50029
18	5.36112	0	0	6.96068	0	0	24.2255	-2.68056
18.05	5.70915	0	0	6.69263	0	0	22.3956	-2.85458
18.1	6.04379	0	0	6.40717	0	0	20.5259	-3.02189
18.15	6.36414	0	0	6.10498	0	0	18.6354	-3.18207
18.2	6.66939	0	0	5.78677	0	0	16.7434	-3.3347
18.25	6.95873	0	0	5.4533	0	0	14.8693	-3.47937
18.3	7.2314	0	0	5.10537	0	0	13.0324	-3.6157
18.35	7.48666	0	0	4.7438	0	0	11.2518	-3.74333
18.4	7.72385	0	0	4.36946	0	0	9.5461	-3.86193
18.45	7.94233	0	0	3.98327	0	0	7.93322	-3.97116
18.5	8.14149	0	0	3.58615	0	0	6.43025	-4.07075
18.55	8.3208	0	0	3.17908	0	0	5.05327	-4.1604
18.6	8.47975	0	0	2.76304	0	0	3.81719	-4.23988
18.65	8.6179	0	0	2.33905	0	0	2.73558	-4.30895
18.7	8.73486	0	0	1.90816	0	0	1.82053	-4.36743
18.75	8.83026	0	0	1.47141	0	0	1.08253	-4.41513
18.8	8.90384	0	0	1.0299	0	0	0.530347	-4.45192
18.85	8.95533	0	0	0.584709	0	0	0.170942	-4.47767
18.9	8.98457	0	0	0.136942	0	0	0.00937655	-4.49228
18.95	8.99141	0	0	-0.312286	0	0	0.0487614	-4.49571
19	8.9758	0	0	-0.761857	0	0	0.290213	-4.4879
19.05	8.93771	0	0	-1.21065	0	0	0.732833	-4.46885
19.1	8.87717	0	0	-1.65753	0	0	1.37371	-4.43859
19.15	8.7943	0	0	-2.10139	0	0	2.20792	-4.39715
19.2	8.68923	0	0	-2.54111	0	0	3.22861	-4.34461
19.25	8.56217	0	0	-2.97557	0	0	4.427	-4.28109
19.3	8.41339	0	0	-3.40368	0	0	5.7925	-4.2067
19.35	8.24321	0	0	-3.82435	0	0	7.31281	-4.12161
19.4	8.05199	0	0	-4.23651	0	0	8.97399	-4.026
19.45	7.84017	0	0	-4.63911	0	0	10.7607	-3.92008
19.5	7.60821	0	0	-5.03111	0	0	12.6561	-3.80411
19.55	7.35666	0	0	-5.41152	0	0	14.6423	-3.67833
19.6	7.08608	0	0	-5.77936	0	0	16.7005	-3.54304
19.65	6.79711	0	0	-6.13366	0	0	18.8109	-3.39856
19.7	6.49043	0	0	-6.47352	0	0	20.9532	-3.24521
19.75	6.16675	0	0	-6.79804	0	0	23.1067	-3.08338
19.8	5.82685	0	0	-7.10638	0	0	25.2503	-2.91343
19.85	5.47153	0	0	-7.39772	0	0	27.3631	-2.73577
19.9	5.10165	0	0	-7.6713	0	0	29.4244	-2.55082
19.95	4.71808	0	0	-7.92638	0	0	31.4137	-2.35904
20	4.32176	0	0	-8.16228	0	0	33.3114	-2.16088
20.05	3.91365	0	0	-8.37837	0	0	35.0985	-1.95682
20.1	3.49473	0	0	-8.57405	0	0	36.7572	-1.74737
20.15	3.06603	0	0	-8.74879	0	0	38.2707	-1.53301
20.2	2.62859	0	0	-8.90209	0	0	39.6236	-1.31429
20.25	2.18348	0	0	-9.03352	0	0	40.8022	-1.09174
20.3	1.73181	0	0	-9.14269	0	0	41.7944	-0.865904
20.35	1.27467	0	0	-9.22928	0	0	42.5898	-0.637337
20.4	0.813209	0	0	-9.29302	0	0	43.1801	-0.406605
20.45	0.348558	0	0	-9.33368	0	0	43.5588	-0.174279
20.5	-0.118126	0	0	-9.35111	0	0	43.7216	-0.0590629
20.55	-0.585681	0	0	-9.3452	0	0	43.6664	-0.292841
20.6	-1.05294	0	0	-9.31592	0	0	43.3931	-0.526471
20.65	-1.51874	0	0	-9.26327	0	0	42.9041	-0.759368
20.7	-1.9819	0	0	-9.18733	0	0	42.2035	-0.99095
20.75	-2.44127	0	0	-9.08824	0	0	41.298	-1.22063
20.8	-2.89568	0	0	-8.96617	0	0	40.1961	-1.44784
20.85	-3.34399	0	0	-8.82139	0	0	38.9085	-1.67199
20.9	-3.78506	0	0	-8.65419	0	0	37.4475	-1.89253
20.95	-4.21777	0	0	-8.46494	0	0	35.8276	-2.10888
21	-4.64101	0	0	-8.25405	0	0	34.0647	-2.32051
21.05	-5.05372	0	0	-8.022	0	0	32.1762	-2.52686
21.1	-5.45482	0	0	-7.76931	0	0	30.1811	-2.72741
21.15	-5.84328	0	0	-7.49657	0	0	28.0993	-2.92164
21.2	-6.21811	0	0	-7.20441	0	0	25.9517	-3.10905
21.25	-6.57833	0	0	-6.8935	0	0	23.7602	-3.28917
21.3	-6.92301	0	0	-6.56459	0	0	21.5469	-3.4615
21.35	-7.25123	0	0	-6.21844	0	0	19.3345	-3.62562
21.4	-7.56216	0	0	-5.85587	0	0	17.1456	-3.78108
21.45	-7.85495	0	0	-5.47777	0	0	15.003	-3.92748
21.5	-8.12884	0	0	-5.08502	0	0	12.9287	-4.06442
21.55	-8.38309	0	0	-4.67858	0	0	10.9445	-4.19154
21.6	-8.61702	0	0	-4.25942	0	0	9.07134	-4.30851
21.65	-8.82999	0	0	-3.82857	0	0	7.32898	-4.41499
21.7	-9.02142	0	0	-3.38707	0	0	5.73613	-4.51071
21.75	-9.19077	0	0	-2.936	0	0	4.31005	-4.59539
21.8	-9.33757	0	0	-2.47646	0	0	3.06643	-4.66879
21.85	-9.46139	0	0	-2.00958	0	0	2.01921	-4.7307
21.9	-9.56187	0	0	-1.53651	0	0	1.18044	-4.78094
21.95	-9.6387	0	0	-1.05842	0	0	0.560127	-4.81935
22	-9.69162	0	0	-0.576485	0	0	0.166168	-4.84581
22.05	-9.72044	0	0	-0.0919043	0	0	0.0042232	-4.86022
22.1	-9.72504	0	0	0.394118	0	0	0.0776645	-4.86252
22.15	-9.70533	0	0	0.88037	0	0	0.387526	-4.85267
22.2	-9.66132	0	0	1.36564	0	0	0.932482	-4.83066
22.25	-9.59303	0	0	1.8487	0	0	1.70885	-4.79652
22.3	-9.5006	0	0	2.32835	0	0	2.71062	-4.7503
22.35	-9.38418	0	0	2.80338	0	0	3.92948	-4.69209
22.4	-9.24401	0	0	3.27259	0	0	5.35493	-4.62201
22.45	-9.08038	0	0	3.73479	0	0	6.97434	-4.54019
22.5	-8.89364	0	0	4.18881	0	0	8.77308	-4.44682
22.55	-8.6842	0	0	4.6335	0	0	10.7346	-4.3421
22.6	-8.45253	0	0	5.06771	0	0	12.8408	-4.22626
22.65	-8.19914	0	0	5.49033	0	0	15.0719	-4.09957
22.7	-7.92463	0	0	5.90029	0	0	17.4067	-3.96231
22.75	-7.62961	0	0	6.29652	0	0	19.8231	-3.81481
22.8	-7.31478	0	0	6.678	0	0	22.2978	-3.65739
22.85	-6.98088	0	0	7.04374	0	0	24.8071	-3.49044
22.9	-6.6287	0	0	7.39278	0	0	27.3266	-3.31435
22.95	-6.25906	0	0	7.72422	0	0	29.8318	-3.12953
23	-5.87285	0	0	8.03717	0	0	32.2981	-2.93642
23.05	-5.47099	0	0	8.33081	0	0	34.7012	-2.73549
23.1	-5.05445	0	0	8.60436	0	0	37.0175	-2.52722
23.15	-4.62423	0	0	8.85709	0	0	39.224	-2.31212
23.2	-4.18138	0	0	9.0883	0	0	41.2986	-2.09069
23.25	-3.72696	0	0	9.29737	0	0	43.2205	-1.86348
23.3	-3.26209	0	0	9.48371	0	0	44.9704	-1.63105
23.35	-2.78791	0	0	9.64682	0	0	46.5306	-1.39395
23.4	-2.30557	0	0	9.78621	0	0	47.885	-1.15278
23.45	-1.81626	0	0	9.90149	0	0	49.0198	-0.908128
23.5	-1.32118	0	0	9.99231	0	0	49.9231	-0.66059
23.55	-0.821566	0	0	10.0584	0	0	50.5853	-0.410783
23.6	-0.318647	0	0	10.0994	0	0	50.9994	-0.159324
23.65	0.186325	0	0	10.1154	0	0	51.1604	-0.0931624
23.7	0.692094	0	0	10.1061	0	0	51.0662	-0.346047
23.75	1.1974	0	0	10.0715	0	0	50.7171	-0.598698
23.8	1.70097	0	0	10.0116	0	0	50.1159	-0.850485
23.85	2.20155	0	0	9.92654	0	0	49.2681	-1.10077
23.9	2.69788	0	0	9.81646	0	0	48.1814	-1.34894
23.95	3.1887	0	0	9.68156	0	0	46.8663	-1.59435
24	3.67278	0	0	9.52213	0	0	45.3355	-1.83639
24.05	4.14888	0	0	9.33849	0	0	43.6037	-2.07444
24.1	4.61581	0	0	9.13105	0	0	41.688	-2.3079
24.15	5.07236	0	0	8.90026	0	0	39.6073	-2.53618
24.2	5.51737	0	0	8.64664	0	0	37.3822	-2.75869
24.25	5.9497	0	0	8.37077	0	0	35.0349	-2.97485
24.3	6.36824	0	0	8.07328	0	0	32.589	-3.18412
24.35	6.77191	0	0	7.75487	0	0	30.069	-3.38595
24.4	7.15965	0	0	7.41628	0	0	27.5006	-3.57983
24.45	7.53046	0	0	7.05829	0	0	24.9098	-3.76523
24.5	7.88338	0	0	6.68177	0	0	22.323	-3.94169
24.55	8.21747	0	0	6.2876	0	0	19.767	-4.10873
24.6	8.53185	0	0	5.87673	0	0	17.268	-4.26592
24.65	8.82568	0	0	5.45014	0	0	14.852	-4.41284
24.7	9.09819	0	0	5.00885	0	0	12.5443	-4.5491
24.75	9.34863	0	0	4.55394	0	0	10.3692	-4.67432
24.8	9.57633	0	0	4.08651	0	0	8.34979	-4.78817
24.85	9.78066	0	0	3.60769	0	0	6.50773	-4.89033
24.9	9.96104	0	0	3.11866	0	0	4.86303	-4.98052
24.95	10.117	0	0	2.62061	0	0	3.4338	-5.05849
25	10.248	0	0	2.11476	0	0	2.23611	-5.124
25.05	10.3537	0	0	1.60236	0	0	1.28378	-5.17687
25.1	10.4339	0	0	1.08467	0	0	0.588258	-5.21693
25.15	10.4881	0	0	0.56298	0	0	0.158473	-5.24405
25.2	10.5162	0	0	0.0385757	0	0	0.000744041	-5.25812
25.25	10.5182	0	0	-0.487237	0	0	0.1187	-5.25909
25.3	10.4938	0	0	-1.01315	0	0	0.513232	-5.24691
25.35	10.4432	0	0	-1.53784	0	0	1.18247	-5.22158
25.4	10.3663	0	0	-2.05999	0	0	2.12179	-5.18313
25.45	10.2633	0	0	-2.57831	0	0	3.32383	-5.13163
25.5	10.1343	0	0	-3.09147	0	0	4.77859	-5.06717
25.55	9.97977	0	0	-3.59819	0	0	6.47347	-4.98989
25.6	9.79986	0	0	-4.09718	0	0	8.39342	-4.89993
25.65	9.59501	0	0	-4.58717	0	0	10.5211	-4.7975
25.7	9.36565	0	0	-5.06692	0	0	12.8368	-4.68282
25.75	9.1123	0	0	-5.5352	0	0	15.3192	-4.55615
25.8	8.83554	0	0	-5.99082	0	0	17.9449	-4.41777
25.85	8.536	0	0	-6.43259	0	0	20.6891	-4.268
25.9	8.21437	0	0	-6.85939	0	0	23.5256	-4.10719
25.95	7.8714	0	0	-7.27011	0	0	26.4273	-3.9357
26	7.50789	0	0	-7.66368	0	0	29.366	-3.75395
26.05	7.12471	0	0	-8.03908	0	0	32.3134	-3.56236
26.1	6.72276	0	0	-8.39531	0	0	35.2406	-3.36138
26.15	6.30299	0	0	-8.73145	0	0	38.1191	-3.1515
26.2	5.86642	0	0	-9.0466	0	0	40.9205	-2.93321
26.25	5.41409	0	0	-9.33992	0	0	43.6171	-2.70704
26.3	4.94709	0	0	-9.61062	0	0	46.1821	-2.47355
26.35	4.46656	0	0	-9.85798	0	0	48.5899	-2.23328
26.4	3.97366	0	0	-10.0813	0	0	50.8164	-1.98683
26.45	3.4696	0	0	-10.28	0	0	52.8391	-1.7348
26.5	2.9556	0	0	-10.4535	0	0	54.6375	-1.4778
26.55	2.43292	0	0	-10.6013	0	0	56.1933	-1.21646
26.6	1.90286	0	0	-10.7229	0	0	57.4903	-0.951431
26.65	1.36672	0	0	-10.818	0	0	58.515	-0.683358
26.7	0.825815	0	0	-10.8864	0	0	59.2566	-0.412907
26.75	0.281496	0	0	-10.9277	0	0	59.7069	-0.140748
26.8	-0.264887	0	0	-10.9417	0	0	59.8609	-0.132444
26.85	-0.811974	0	0	-10.9285	0	0	59.716	-0.405987
26.9	-1.3584	0	0	-10.8879	0	0	59.2732	-0.6792
26.95	-1.90279	0	0	-10.82	0	0	58.536	-0.951397
27	-2.44379	0	0	-10.7248	0	0	57.5111	-1.2219
27.05	-2.98003	0	0	-10.6026	0	0	56.2081	-1.49002
27.1	-3.51017	0	0	-10.4536	0	0	54.6394	-1.75508
27.15	-4.03285	0	0	-10.2781	0	0	52.8201	-2.01642
27.2	-4.54676	0	0	-10.0765	0	0	50.7679	-2.27338
27.25	-5.05058	0	0	-9.84916	0	0	48.503	-2.52529
27.3	-5.54304	0	0	-9.59663	0	0	46.0476	-2.77152
27.35	-6.02287	0	0	-9.31948	0	0	43.4263	-3.01144
27.4	-6.48884	0	0	-9.01833	0	0	40.6652	-3.24442
27.45	-6.93976	0	0	-8.69389	0	0	37.7919	-3.46988
27.5	-7.37446	0	0	-8.3469	0	0	34.8354	-3.68723
27.55	-7.7918	0	0	-7.97818	0	0	31.8257	-3.8959
27.6	-8.19071	0	0	-7.58859	0	0	28.7934	-4.09536
27.65	-8.57014	0	0	-7.17906	0	0	25.7694	-4.28507
27.7	-8.92909	0	0	-6.75055	0	0	22.7849	-4.46455
27.75	-9.26662	0	0	-6.30409	0	0	19.8708	-4.63331
27.8	-9.58182	0	0	-5.84076	0	0	17.0573	-4.79091
27.85	-9.87386	0	0	-5.36167	0	0	14.3738	-4.93693
27.9	-10.1419	0	0	-4.86798	0	0	11.8486	-5.07097
27.95	-10.3853	0	0	-4.36088	0	0	9.50864	-5.19267
28	-10.6034	0	0	-3.84161	0	0	7.379	-5.30169
28.05	-10.7955	0	0	-3.31144	0	0	5.48283	-5.39773
28.1	-10.961	0	0	-2.77167	0	0	3.84108	-5.48052
28.15	-11.0996	0	0	-2.22362	0	0	2.47224	-5.54981
28.2	-11.2108	0	0	-1.66864	0	0	1.39218	-5.6054
28.25	-11.2942	0	0	-1.1081	0	0	0.613939	-5.64712
28.3	-11.3496	0	0	-0.543385	0	0	0.147634	-5.67482
28.35	-11.3768	0	0	0.0240972	0	0	0.000290338	-5.68841
28.4	-11.3756	0	0	0.592938	0	0	0.175788	-5.6878
28.45	-11.346	0	0	1.16172	0	0	0.674795	-5.67298
28.5	-11.2879	0	0	1.72902	0	0	1.49475	-5.64394
28.55	-11.2014	0	0	2.29341	0	0	2.62986	-5.60071
28.6	-11.0868	0	0	2.85348	0	0	4.07118	-5.54338
28.65	-10.9441	0	0	3.40782	0	0	5.80661	-5.47204
28.7	-10.7737	0	0	3.95502	0	0	7.8211	-5.38684
28.75	-10.5759	0	0	4.49371	0	0	10.0967	-5.28797
28.8	-10.3513	0	0	5.0225	0	0	12.6128	-5.17563
28.85	-10.1001	0	0	5.54007	0	0	15.3462	-5.05006
28.9	-9.82312	0	0	6.04507	0	0	18.2715	-4.91156
28.95	-9.52087	0	0	6.53623	0	0	21.3611	-4.76043
29	-9.19406	0	0	7.01227	0	0	24.586	-4.59703
29.05	-8.84344	0	0	7.47198	0	0	27.9152	-4.42172
29.1	-8.46985	0	0	7.91415	0	0	31.3169	-4.23492
29.15	-8.07414	0	0	8.33764	0	0	34.7581	-4.03707
29.2	-7.65726	0	0	8.74135	0	0	38.2056	-3.82863
29.25	-7.22019	0	0	9.12421	0	0	41.6256	-3.61009
29.3	-6.76398	0	0	9.48522	0	0	44.9847	-3.38199
29.35	-6.28972	0	0	9.82342	0	0	48.2498	-3.14486
29.4	-5.79855	0	0	10.1379	0	0	51.3886	-2.89927
29.45	-5.29165	0	0	10.4278	0	0	54.3698	-2.64583
29.5	-4.77026	0	0	10.6924	0	0	57.1639	-2.38513
29.55	-4.23564	0	0	10.9309	0	0	59.7426	-2.11782
29.6	-3.68909	0	0	11.1427	0	0	62.08	-1.84455
29.65	-3.13196	0	0	11.3272	0	0	64.1523	-1.56598
29.7	-2.5656	0	0	11.4838	0	0	65.9384	-1.2828
29.75	-1.99141	0	0	11.612	0	0	67.4198	-0.995706
29.8	-1.41081	0	0	11.7116	0	0	68.5809	-0.705405
29.85	-0.825229	0	0	11.7822	0	0	69.4096	-0.412614
29.9	-0.236121	0	0	11.8234	0	0	69.8966	-0.11806
29.95	0.35505	0	0	11.8352	0	0	70.0362	-0.177525
30	0.946811	0	0	11.8175	0	0	69.8263	-0.473405
30.05	1.53768	0	0	11.7701	0	0	69.2679	-0.768842
30.1	2.12619	0	0	11.6932	0	0	68.366	-1.0631
30.15	2.71085	0	0	11.5869	0	0	67.1285	-1.35543
30.2	3.2902	0	0	11.4514	0	0	65.5672	-1.6451
30.25	3.86277	0	0	11.2869	0	0	63.6968	-1.93138
30.3	4.42711	0	0	11.0937	0	0	61.5356	-2.21356
30.35	4.9818	0	0	10.8724	0	0	59.1044	-2.4909
30.4	5.52542	0	0	10.6233	0	0	56.4272	-2.76271
30.45	6.05658	0	0	10.347	0	0	53.5305	-3.02829
30.5	6.57394	0	0	10.0442	0	0	50.4429	-3.28697
30.55	7.07615	0	0	9.7155	0	0	47.1955	-3.53807
30.6	7.56192	0	0	9.36169	0	0	43.8206	-3.78096
30.65	8.03	0	0	8.9836	0	0	40.3525	-4.015
30.7	8.47918	0	0	8.5821	0	0	36.8262	-4.23959
30.75	8.90829	0	0	8.15814	0	0	33.2776	-4.45414
30.8	9.3162	0	0	7.71272	0	0	29.743	-4.6581
30.85	9.70183	0	0	7.24691	0	0	26.2589	-4.85092
30.9	10.0642	0	0	6.76182	0	0	22.8611	-5.03209
30.95	10.4023	0	0	6.25861	0	0	19.5851	-5.20113
31	10.7152	0	0	5.7385	0	0	16.4652	-5.3576
31.05	11.0021	0	0	5.20274	0	0	13.5342	-5.50106
31.1	11.2623	0	0	4.65263	0	0	10.8235	-5.63113
31.15	11.4949	0	0	4.08952	0	0	8.36208	-5.74745
31.2	11.6994	0	0	3.51477	0	0	6.17682	-5.84968
31.25	11.8751	0	0	2.92981	0	0	4.29188	-5.93755
31.3	12.0216	0	0	2.33605	0	0	2.72857	-6.0108
31.35	12.1384	0	0	1.73497	0	0	1.50506	-6.0692
31.4	12.2251	0	0	1.12805	0	0	0.636249	-6.11257
31.45	12.2816	0	0	0.516793	0	0	0.133538	-6.14078
31.5	12.3074	0	0	-0.0972842	0	0	0.00473211	-6.1537
31.55	12.3025	0	0	-0.712654	0	0	0.253938	-6.15126
31.6	12.2669	0	0	-1.32778	0	0	0.8815	-6.13345
31.65	12.2005	0	0	-1.94112	0	0	1.88398	-6.10025
31.7	12.1034	0	0	-2.55115	0	0	3.25418	-6.05172
31.75	11.9759	0	0	-3.15632	0	0	4.98119	-5.98795
31.8	11.8181	0	0	-3.75512	0	0	7.05045	-5.90904
31.85	11.6303	0	0	-4.34602	0	0	9.44395	-5.81516
31.9	11.413	0	0	-4.92754	0	0	12.1403	-5.70651
31.95	11.1666	0	0	-5.49819	0	0	15.115	-5.58332
32	10.8917	0	0	-6.05652	0	0	18.3407	-5.44587
32.05	10.5889	0	0	-6.60111	0	0	21.7873	-5.29445
32.1	10.2589	0	0	-7.13055	0	0	25.4224	-5.12943
32.15	9.90232	0	0	-7.64349	0	0	29.2115	-4.95116
32.2	9.52015	0	0	-8.13861	0	0	33.1185	-4.76007
32.25	9.11322	0	0	-8.61462	0	0	37.1058	-4.55661
32.3	8.68249	0	0	-9.07028	0	0	41.135	-4.34124
32.35	8.22897	0	0	-9.5044	0	0	45.1668	-4.11449
32.4	7.75375	0	0	-9.91585	0	0	49.1621	-3.87688
32.45	7.25796	0	0	-10.3035	0	0	53.0815	-3.62898
32.5	6.74278	0	0	-10.6664	0	0	56.8864	-3.37139
32.55	6.20946	0	0	-11.0036	0	0	60.5394	-3.10473
32.6	5.65928	0	0	-11.3141	0	0	64.0039	-2.82964
32.65	5.09358	0	0	-11.597	0	0	67.2454	-2.54679
32.7	4.51373	0	0	-11.8517	0	0	70.2313	-2.25686
32.75	3.92115	0	0	-12.0774	0	0	72.9316	-1.96057
32.8	3.31728	0	0	-12.2734	0	0	75.3186	-1.65864
32.85	2.7036	0	0	-12.4393	0	0	77.3681	-1.3518
32.9	2.08164	0	0	-12.5745	0	0	79.0588	-1.04082
32.95	1.45292	0	0	-12.6786	0	0	80.373	-0.726458
33	0.818987	0	0	-12.7512	0	0	81.2967	-0.409493
33.05	0.181427	0	0	-12.7922	0	0	81.8197	-0.0907133
33.1	-0.458181	0	0	-12.8012	0	0	81.9357	-0.229091
33.15	-1.09824	0	0	-12.7783	0	0	81.6427	-0.549121
33.2	-1.73716	0	0	-12.7234	0	0	80.9426	-0.868579
33.25	-2.37333	0	0	-12.6366	0	0	79.8412	-1.18666
33.3	-3.00516	0	0	-12.5179	0	0	78.3487	-1.50258
33.35	-3.63105	0	0	-12.3676	0	0	76.4791	-1.81553
33.4	-4.24943	0	0	-12.1861	0	0	74.2502	-2.12472
33.45	-4.85874	0	0	-11.9736	0	0	71.6836	-2.42937
33.5	-5.45742	0	0	-11.7307	0	0	68.8043	-2.72871
33.55	-6.04395	0	0	-11.4578	0	0	65.6405	-3.02197
33.6	-6.61684	0	0	-11.1556	0	0	62.2237	-3.30842
33.65	-7.17462	0	0	-10.8248	0	0	58.5877	-3.58731
33.7	-7.71586	0	0	-10.466	0	0	54.7688	-3.85793
33.75	-8.23916	0	0	-10.0802	0	0	50.8055	-4.11958
33.8	-8.74317	0	0	-9.66827	0	0	46.7378	-4.37158
33.85	-9.22658	0	0	-9.23111	0	0	42.6067	-4.61329
33.9	-9.68814	0	0	-8.76979	0	0	38.4546	-4.84407
33.95	-10.1266	0	0	-8.28538	0	0	34.3237	-5.06331
34	-10.5409	0	0	-7.77905	0	0	30.2568	-5.27045
34.05	-10.9298	0	0	-7.252	0	0	26.2958	-5.46492
34.1	-11.2924	0	0	-6.70551	0	0	22.4819	-5.64622
34.15	-11.6277	0	0	-6.14089	0	0	18.8552	-5.81386
34.2	-11.9348	0	0	-5.5595	0	0	15.454	-5.96738
34.25	-12.2127	0	0	-4.96276	0	0	12.3145	-6.10637
34.3	-12.4609	0	0	-4.35213	0	0	9.4705	-6.23044
34.35	-12.6785	0	0	-3.72908	0	0	6.95302	-6.33924
34.4	-12.8649	0	0	-3.09516	0	0	4.79	-6.43247
34.45	-13.0197	0	0	-2.45191	0	0	3.00593	-6.50985
34.5	-13.1423	0	0	-1.80092	0	0	1.62167	-6.57115
34.55	-13.2323	0	0	-1.14381	0	0	0.654151	-6.61617
34.6	-13.2895	0	0	-0.482193	0	0	0.116255	-6.64477
34.65	-13.3136	0	0	0.182284	0	0	0.0166137	-6.65682
34.7	-13.3045	0	0	0.847966	0	0	0.359523	-6.65226
34.75	-13.2621	0	0	1.51319	0	0	1.14488	-6.63107
34.8	-13.1865	0	0	2.1763	0	0	2.36814	-6.59324
34.85	-13.0777	0	0	2.83562	0	0	4.02038	-6.53883
34.9	-12.9359	0	0	3.48951	0	0	6.08832	-6.46794
34.95	-12.7614	0	0	4.1363	0	0	8.55448	-6.3807
35	-12.5546	0	0	4.77437	0	0	11.3973	-6.27729
35.05	-12.3159	0	0	5.4021	0	0	14.5913	-6.15793
35.1	-12.0458	0	0	6.01789	0	0	18.1075	-6.02288
35.15	-11.7449	0	0	6.62018	0	0	21.9134	-5.87243
35.2	-11.4139	0	0	7.20742	0	0	25.9735	-5.70693
35.25	-11.0535	0	0	7.77812	0	0	30.2495	-5.52674
35.3	-10.6646	0	0	8.33079	0	0	34.701	-5.33229
35.35	-10.248	0	0	8.86402	0	0	39.2854	-5.12402
35.4	-9.80484	0	0	9.37642	0	0	43.9586	-4.90242
35.45	-9.33602	0	0	9.86666	0	0	48.6755	-4.66801
35.5	-8.84269	0	0	10.3335	0	0	53.3902	-4.42134
35.55	-8.32601	0	0	10.7756	0	0	58.0568	-4.16301
35.6	-7.78723	0	0	11.1919	0	0	62.6293	-3.89362
35.65	-7.22764	0	0	11.5813	0	0	67.0628	-3.61382
35.7	-6.64857	0	0	11.9426	0	0	71.3134	-3.32429
35.75	-6.05144	0	0	12.2751	0	0	75.3387	-3.02572
35.8	-5.43769	0	0	12.5776	0	0	79.0986	-2.71884
35.85	-4.80881	0	0	12.8495	0	0	82.5552	-2.4044
35.9	-4.16633	0	0	13.09	0	0	85.6736	-2.08317
35.95	-3.51183	0	0	13.2983	0	0	88.4222	-1.75592
36	-2.84692	0	0	13.4739	0	0	90.7727	-1.42346
36.05	-2.17322	0	0	13.6162	0	0	92.7008	-1.08661
36.1	-1.49241	0	0	13.7249	0	0	94.1862	-0.746206
36.15	-0.806169	0	0	13.7995	0	0	95.2132	-0.403084
36.2	-0.116194	0	0	13.8398	0	0	95.7702	-0.0580968
36.25	0.575797	0	0	13.8456	0	0	95.8506	-0.287898
36.3	1.26808	0	0	13.8168	0	0	95.4524	-0.634039
36.35	1.95892	0	0	13.7534	0	0	94.5784	-0.97946
36.4	2.64659	0	0	13.6555	0	0	93.2361	-1.3233
36.45	3.32937	0	0	13.5232	0	0	91.4378	-1.66468
36.5	4.00552	0	0	13.3567	0	0	89.2005	-2.00276
36.55	4.67336	0	0	13.1564	0	0	86.5455	-2.33668
36.6	5.33118	0	0	12.9227	0	0	83.4986	-2.66559
36.65	5.97731	0	0	12.6562	0	0	80.0895	-2.98866
36.7	6.61012	0	0	12.3573	0	0	76.3516	-3.30506
36.75	7.22799	0	0	12.0268	0	0	72.3221	-3.61399
36.8	7.82933	0	0	11.6654	0	0	68.0409	-3.91466
36.85	8.4126	0	0	11.2739	0	0	63.5509	-4.2063
36.9	8.9763	0	0	10.8533	0	0	58.8972	-4.48815
36.95	9.51896	0	0	10.4045	0	0	54.1268	-4.75948
37	10.0392	0	0	9.92855	0	0	49.2881	-5.01959
37.05	10.5356	0	0	9.42659	0	0	44.4303	-5.26781
37.1	11.0069	0	0	8.89981	0	0	39.6033	-5.50347
37.15	11.4519	0	0	8.34946	0	0	34.8568	-5.72597
37.2	11.8694	0	0	7.77687	0	0	30.2398	-5.9347
37.25	12.2583	0	0	7.1834	0	0	25.8006	-6.12913
37.3	12.6174	0	0	6.57048	0	0	21.5856	-6.30871
37.35	12.9459	0	0	5.93961	0	0	17.6395	-6.47297
37.4	13.2429	0	0	5.29231	0	0	14.0043	-6.62146
37.45	13.5075	0	0	4.63017	0	0	10.7192	-6.75377
37.5	13.7391	0	0	3.95479	0	0	7.82019	-6.86953
37.55	13.9368	0	0	3.26784	0	0	5.33939	-6.9684
37.6	14.1002	0	0	2.571	0	0	3.30502	-7.05009
37.65	14.2287	0	0	1.86599	0	0	1.74096	-7.11437
37.7	14.322	0	0	1.15455	0	0	0.666497	-7.16102
37.75	14.3798	0	0	0.438452	0	0	0.0961201	-7.18988
37.8	14.4017	0	0	-0.280536	0	0	0.0393502	-7.20084
37.85	14.3877	0	0	-1.00062	0	0	0.50062	-7.19383
37.9	14.3376	0	0	-1.72	0	0	1.4792	-7.16881
37.95	14.2516	0	0	-2.43688	0	0	2.9692	-7.12581
38	14.1298	0	0	-3.14947	0	0	4.95957	-7.06489
38.05	13.9723	0	0	-3.85595	0	0	7.43419	-6.98615
38.1	13.7795	0	0	-4.55457	0	0	10.3721	-6.88975
38.15	13.5518	0	0	-5.24355	0	0	13.7474	-6.77589
38.2	13.2896	0	0	-5.92113	0	0	17.5299	-6.6448
38.25	12.9935	0	0	-6.58561	0	0	21.6852	-6.49677
38.3	12.6643	0	0	-7.23529	0	0	26.1747	-6.33213
38.35	12.3025	0	0	-7.86851	0	0	30.9567	-6.15125
38.4	11.9091	0	0	-8.48363	0	0	35.986	-5.95454
38.45	11.4849	0	0	-9.07908	0	0	41.2149	-5.74245
38.5	11.0309	0	0	-9.65333	0	0	46.5934	-5.51547
38.55	10.5483	0	0	-10.2049	0	0	52.0697	-5.27414
38.6	10.038	0	0	-10.7323	0	0	57.591	-5.01902
38.65	9.50142	0	0	-11.2342	0	0	63.1035	-4.75071
38.7	8.93971	0	0	-11.7093	0	0	68.5534	-4.46985
38.75	8.35424	0	0	-12.1562	0	0	73.8872	-4.17712
38.8	7.74643	0	0	-12.574	0	0	79.0522	-3.87322
38.85	7.11773	0	0	-12.9613	0	0	83.9974	-3.55887
38.9	6.46967	0	0	-13.3172	0	0	88.6735	-3.23483
38.95	5.80381	0	0	-13.6407	0	0	93.0337	-2.90191
39	5.12178	0	0	-13.9308	0	0	97.0342	-2.56089
39.05	4.42524	0	0	-14.1869	0	0	100.634	-2.21262
39.1	3.71589	0	0	-14.4082	0	0	103.798	-1.85794
39.15	2.99548	0	0	-14.594	0	0	106.492	-1.49774
39.2	2.26578	0	0	-14.7438	0	0	108.689	-1.13289
39.25	1.52859	0	0	-14.857	0	0	110.366	-0.764296
39.3	0.78574	0	0	-14.9335	0	0	111.504	-0.39287
39.35	0.039066	0	0	-14.9728	0	0	112.092	-0.019533
39.4	-0.709572	0	0	-14.9747	0	0	112.121	-0.354786
39.45	-1.45831	0	0	-14.9392	0	0	111.59	-0.729154
39.5	-2.20527	0	0	-14.8663	0	0	110.504	-1.10264
39.55	-2.94859	0	0	-14.7561	0	0	108.871	-1.47429
39.6	-3.68639	0	0	-14.6086	0	0	106.706	-1.84319
39.65	-4.41682	0	0	-14.4243	0	0	104.03	-2.20841
39.7	-5.13804	0	0	-14.2035	0	0	100.869	-2.56902
39.75	-5.84821	0	0	-13.9466	0	0	97.2534	-2.92411
39.8	-6.54554	0	0	-13.6542	0	0	93.218	-3.27277
39.85	-7.22825	0	0	-13.3269	0	0	88.8029	-3.61412
39.9	-7.89459	0	0	-12.9655	0	0	84.0517	-3.9473
39.95	-8.54286	0	0	-12.5707	0	0	79.0118	-4.27143
40	-9.1714	0	0	-12.1436	0	0	73.7335	-4.5857
40.05	-9.77858	0	0	-11.685	0	0	68.2699	-4.88929
40.1	-10.3628	0	0	-11.1961	0	0	62.6763	-5.18142
40.15	-10.9226	0	0	-10.678	0	0	57.0094	-5.46132
40.2	-11.4565	0	0	-10.1318	0	0	51.3269	-5.72827
40.25	-11.9631	0	0	-9.559	0	0	45.6872	-5.98156
40.3	-12.4411	0	0	-8.96084	0	0	40.1483	-6.22054
40.35	-12.8891	0	0	-8.33879	0	0	34.7677	-6.44456
40.4	-13.3061	0	0	-7.69433	0	0	29.6014	-6.65303
40.45	-13.6908	0	0	-7.02903	0	0	24.7036	-6.84539
40.5	-14.0422	0	0	-6.34449	0	0	20.1263	-7.02111
40.55	-14.3595	0	0	-5.64238	0	0	15.9182	-7.17973
40.6	-14.6416	0	0	-4.92441	0	0	12.1249	-7.32078
40.65	-14.8878	0	0	-4.19233	0	0	8.78781	-7.4439
40.7	-15.0974	0	0	-3.44794	0	0	5.94414	-7.5487
40.75	-15.2698	0	0	-2.69307	0	0	3.62631	-7.6349
40.8	-15.4045	0	0	-1.92958	0	0	1.86164	-7.70223
40.85	-15.5009	0	0	-1.15936	0	0	0.672052	-7.75047
40.9	-15.5589	0	0	-0.384308	0	0	0.0738464	-7.77945
40.95	-15.5781	0	0	0.393637	0	0	0.077475	-7.78906
41	-15.5584	0	0	1.17254	0	0	0.687428	-7.77922
41.05	-15.4998	0	0	1.95046	0	0	1.90216	-7.7499
41.1	-15.4023	0	0	2.72546	0	0	3.71405	-7.70114
41.15	-15.266	0	0	3.49557	0	0	6.1095	-7.63301
41.2	-15.0912	0	0	4.25887	0	0	9.06899	-7.54562
41.25	-14.8783	0	0	5.01343	0	0	12.5673	-7.43915
41.3	-14.6276	0	0	5.75735	0	0	16.5735	-7.31381
41.35	-14.3398	0	0	6.48873	0	0	21.0518	-7.16988
41.4	-14.0153	0	0	7.20572	0	0	25.9612	-7.00766
41.45	-13.655	0	0	7.90648	0	0	31.2562	-6.82752
41.5	-13.2597	0	0	8.58923	0	0	36.8875	-6.62985
41.55	-12.8302	0	0	9.25222	0	0	42.8018	-6.41512
41.6	-12.3676	0	0	9.89373	0	0	48.9429	-6.18382
41.65	-11.8729	0	0	10.5121	0	0	55.2522	-5.93647
41.7	-11.3473	0	0	11.1058	0	0	61.6689	-5.67367
41.75	-10.7921	0	0	11.6731	0	0	68.1309	-5.39603
41.8	-10.2084	0	0	12.2127	0	0	74.5754	-5.1042
41.85	-9.59776	0	0	12.7231	0	0	80.9393	-4.79888
41.9	-8.9616	0	0	13.203	0	0	87.1601	-4.4808
41.95	-8.30145	0	0	13.6511	0	0	93.1765	-4.15073
42	-7.6189	0	0	14.0662	0	0	98.9288	-3.80945
42.05	-6.91559	0	0	14.4471	0	0	104.36	-3.45779
42.1	-6.19323	0	0	14.7929	0	0	109.415	-3.09661
42.15	-5.45358	0	0	15.1026	0	0	114.044	-2.72679
42.2	-4.69846	0	0	15.3753	0	0	118.199	-2.34923
42.25	-3.92969	0	0	15.6102	0	0	121.839	-1.96485
42.3	-3.14918	0	0	15.8067	0	0	124.925	-1.57459
42.35	-2.35885	0	0	15.9641	0	0	127.427	-1.17943
42.4	-1.56064	0	0	16.0821	0	0	129.316	-0.780322
42.45	-0.756541	0	0	16.1601	0	0	130.574	-0.378271
42.5	0.0514633	0	0	16.1979	0	0	131.186	-0.0257317
42.55	0.861359	0	0	16.1954	0	0	131.145	-0.43068
42.6	1.67113	0	0	16.1523	0	0	130.448	-0.835563
42.65	2.47874	0	0	16.0687	0	0	129.102	-1.23937
42.7	3.28218	0	0	15.9448	0	0	127.118	-1.64109
42.75	4.07942	0	0	15.7807	0	0	124.515	-2.03971
42.8	4.86845	0	0	15.5767	0	0	121.317	-2.43423
42.85	5.64729	0	0	15.3333	0	0	117.555	-2.82364
42.9	6.41395	0	0	15.0509	0	0	113.265	-3.20698
42.95	7.1665	0	0	14.7302	0	0	108.49	-3.58325
43	7.90301	0	0	14.3719	0	0	103.276	-3.9515
43.05	8.6216	0	0	13.9767	0	0	97.6748	-4.3108
43.1	9.32044	0	0	13.5457	0	0	91.7426	-4.66022
43.15	9.99772	0	0	13.0796	0	0	85.5386	-4.99886
43.2	10.6517	0	0	12.5798	0	0	79.1252	-5.32585
43.25	11.2807	0	0	12.0472	0	0	72.5672	-5.64035
43.3	11.8831	0	0	11.4831	0	0	65.9313	-5.94153
43.35	12.4572	0	0	10.889	0	0	59.285	-6.22861
43.4	13.0017	0	0	10.2661	0	0	52.6967	-6.50083
43.45	13.515	0	0	9.61604	0	0	46.2342	-6.75748
43.5	13.9958	0	0	8.9403	0	0	39.9645	-6.99788
43.55	14.4428	0	0	8.24051	0	0	33.953	-7.22139
43.6	14.8548	0	0	7.51837	0	0	28.2629	-7.4274
43.65	15.2307	0	0	6.77563	0	0	22.9546	-7.61536
43.7	15.5695	0	0	6.01409	0	0	18.0847	-7.78475
43.75	15.8702	0	0	5.23562	0	0	13.7058	-7.93511
43.8	16.132	0	0	4.44211	0	0	9.86615	-8.066
43.85	16.3541	0	0	3.63551	0	0	6.60845	-8.17705
43.9	16.5359	0	0	2.8178	0	0	3.97	-8.26794
43.95	16.6768	0	0	1.99101	0	0	1.98206	-8.33838
44	16.7763	0	0	1.15717	0	0	0.669521	-8.38816
44.05	16.8342	0	0	0.318354	0	0	0.0506746	-8.41709
44.1	16.8501	0	0	-0.523355	0	0	0.13695	-8.42505
44.15	16.8239	0	0	-1.36586	0	0	0.932786	-8.41196
44.2	16.7556	0	0	-2.20706	0	0	2.43555	-8.37782
44.25	16.6453	0	0	-3.04484	0	0	4.63552	-8.32264
44.3	16.493	0	0	-3.8771	0	0	7.51596	-8.24652
44.35	16.2992	0	0	-4.70175	0	0	11.0532	-8.14959
44.4	16.0641	0	0	-5.51671	0	0	15.2171	-8.03205
44.45	15.7883	0	0	-6.31992	0	0	19.9707	-7.89413
44.5	15.4723	0	0	-7.10933	0	0	25.2713	-7.73613
44.55	15.1168	0	0	-7.88294	0	0	31.0704	-7.5584
44.6	14.7226	0	0	-8.63878	0	0	37.3143	-7.36132
44.65	14.2907	0	0	-9.37491	0	0	43.9445	-7.14535
44.7	13.822	0	0	-10.0894	0	0	50.8985	-6.91098
44.75	13.3175	0	0	-10.7805	0	0	58.1101	-6.65875
44.8	12.7785	0	0	-11.4464	0	0	65.5103	-6.38923
44.85	12.2061	0	0	-12.0853	0	0	73.0278	-6.10307
44.9	11.6019	0	0	-12.6957	0	0	80.5898	-5.80094
44.95	10.9671	0	0	-13.2757	0	0	88.1227	-5.48355
45	10.3033	0	0	-13.8241	0	0	95.5529	-5.15165
45.05	9.6121	0	0	-14.3393	0	0	102.807	-4.80605
45.1	8.89514	0	0	-14.8199	0	0	109.814	-4.44757
45.15	8.15414	0	0	-15.2646	0	0	116.504	-4.07707
45.2	7.39091	0	0	-15.6723	0	0	122.811	-3.69546
45.25	6.60729	0	0	-16.0419	0	0	128.671	-3.30365
45.3	5.8052	0	0	-16.3722	0	0	134.025	-2.9026
45.35	4.98659	0	0	-16.6625	0	0	138.82	-2.49329
45.4	4.15346	0	0	-16.9118	0	0	143.005	-2.07673
45.45	3.30787	0	0	-17.1195	0	0	146.539	-1.65394
45.5	2.4519	0	0	-17.2849	0	0	149.384	-1.22595
45.55	1.58765	0	0	-17.4075	0	0	151.51	-0.793825
45.6	0.717276	0	0	-17.4869	0	0	152.895	-0.358638
45.65	-0.157068	0	0	-17.5227	0	0	153.523	-0.078534
45.7	-1.03321	0	0	-17.5149	0	0	153.386	-0.516603
45.75	-1.90895	0	0	-17.4632	0	0	152.482	-0.954475
45.8	-2.78211	0	0	-17.3678	0	0	150.82	-1.39106
45.85	-3.6505	0	0	-17.2287	0	0	148.414	-1.82525
45.9	-4.51193	0	0	-17.0462	0	0	145.286	-2.25597
45.95	-5.36424	0	0	-16.8206	0	0	141.466	-2.68212
46	-6.20527	0	0	-16.5523	0	0	136.99	-3.10263
46.05	-7.03289	0	0	-16.2421	0	0	131.903	-3.51644
46.1	-7.84499	0	0	-15.8904	0	0	126.253	-3.9225
46.15	-8.63951	0	0	-15.4982	0	0	120.097	-4.31976
46.2	-9.41442	0	0	-15.0662	0	0	113.495	-4.70721
46.25	-10.1677	0	0	-14.5955	0	0	106.514	-5.08387
46.3	-10.8975	0	0	-14.0871	0	0	99.2232	-5.44875
46.35	-11.6019	0	0	-13.5422	0	0	91.696	-5.80093
46.4	-12.279	0	0	-12.9621	0	0	84.0085	-6.13949
46.45	-12.9271	0	0	-12.3482	0	0	76.2388	-6.46354
46.5	-13.5445	0	0	-11.7018	0	0	68.4664	-6.77224
46.55	-14.1296	0	0	-11.0246	0	0	60.771	-7.06479
46.6	-14.6808	0	0	-10.3181	0	0	53.2319	-7.34041
46.65	-15.1967	0	0	-9.58409	0	0	45.9274	-7.59836
46.7	-15.6759	0	0	-8.82425	0	0	38.9337	-7.83796
46.75	-16.1171	0	0	-8.04046	0	0	32.3245	-8.05857
46.8	-16.5192	0	0	-7.2346	0	0	26.1697	-8.25958
46.85	-16.8809	0	0	-6.40864	0	0	20.5353	-8.44044
46.9	-17.2013	0	0	-5.5646	0	0	15.4824	-8.60066
46.95	-17.4795	0	0	-4.70453	0	0	11.0663	-8.73977
47	-17.7148	0	0	-3.83055	0	0	7.33657	-8.85739
47.05	-17.9063	0	0	-2.94481	0	0	4.33597	-8.95315
47.1	-18.0535	0	0	-2.0495	0	0	2.10022	-9.02677
47.15	-18.156	0	0	-1.14682	0	0	0.6576	-9.07801
47.2	-18.2134	0	0	-0.239021	0	0	0.0285655	-9.10668
47.25	-18.2253	0	0	0.671647	0	0	0.225555	-9.11266
47.3	-18.1917	0	0	1.58291	0	0	1.25281	-9.09586
47.35	-18.1126	0	0	2.4925	0	0	3.10628	-9.05629
47.4	-17.988	0	0	3.39813	0	0	5.77364	-8.99398
47.45	-17.8181	0	0	4.29753	0	0	9.23436	-8.90903
47.5	-17.6032	0	0	5.18843	0	0	13.4599	-8.80159
47.55	-17.3438	0	0	6.06859	0	0	18.4139	-8.67188
47.6	-17.0403	0	0	6.93577	0	0	24.0525	-8.52016
47.65	-16.6935	0	0	7.78779	0	0	30.3248	-8.34677
47.7	-16.3041	0	0	8.62247	0	0	37.1735	-8.15207
47.75	-15.873	0	0	9.43768	0	0	44.5349	-7.93651
47.8	-15.4011	0	0	10.2313	0	0	52.34	-7.70057
47.85	-14.8896	0	0	11.0014	0	0	60.5152	-7.44479
47.9	-14.3395	0	0	11.7459	0	0	68.9826	-7.16975
47.95	-13.7522	0	0	12.4628	0	0	77.6612	-6.8761
48	-13.1291	0	0	13.1504	0	0	86.4671	-6.56453
48.05	-12.4715	0	0	13.8069	0	0	95.3153	-6.23577
48.1	-11.7812	0	0	14.4305	0	0	104.119	-5.8906
48.15	-11.0597	0	0	15.0195	0	0	112.793	-5.52984
48.2	-10.3087	0	0	15.5725	0	0	121.252	-5.15435
48.25	-9.53007	0	0	16.088	0	0	129.411	-4.76504
48.3	-8.72568	0	0	16.5645	0	0	137.191	-4.36284
48.35	-7.89745	0	0	17.0007	0	0	144.513	-3.94873
48.4	-7.04742	0	0	17.3956	0	0	151.304	-3.52371
48.45	-6.17763	0	0	17.748	0	0	157.496	-3.08882
48.5	-5.29024	0	0	18.0569	0	0	163.025	-2.64512
48.55	-4.38739	0	0	18.3214	0	0	167.837	-2.1937
48.6	-3.47132	0	0	18.5408	0	0	171.88	-1.73566
48.65	-2.54429	0	0	18.7143	0	0	175.113	-1.27214
48.7	-1.60857	0	0	18.8415	0	0	177.502	-0.804285
48.75	-0.666493	0	0	18.922	0	0	179.02	-0.333246
48.8	0.279605	0	0	18.9553	0	0	179.651	-0.139803
48.85	1.22737	0	0	18.9413	0	0	179.387	-0.613685
48.9	2.17443	0	0	18.8799	0	0	178.226	-1.08722
48.95	3.11843	0	0	18.7712	0	0	176.179	-1.55922
49	4.05699	0	0	18.6153	0	0	173.265	-2.0285
49.05	4.98776	0	0	18.4124	0	0	169.509	-2.49388
49.1	5.90838	0	0	18.1631	0	0	164.948	-2.95419
49.15	6.81653	0	0	17.8676	0	0	159.626	-3.40827
49.2	7.70991	0	0	17.5268	0	0	153.595	-3.85496
49.25	8.58625	0	0	17.1413	0	0	146.912	-4.29313
49.3	9.44332	0	0	16.712	0	0	139.645	-4.72166
49.35	10.2789	0	0	16.2398	0	0	131.866	-5.13946
49.4	11.0909	0	0	15.7259	0	0	123.652	-5.54546
49.45	11.8772	0	0	15.1713	0	0	115.085	-5.9386
49.5	12.6358	0	0	14.5775	0	0	106.252	-6.31789
49.55	13.3646	0	0	13.9457	0	0	97.2412	-6.68232
49.6	14.0619	0	0	13.2775	0	0	88.1455	-7.03097
49.65	14.7258	0	0	12.5744	0	0	79.0573	-7.3629
49.7	15.3545	0	0	11.8381	0	0	70.07	-7.67726
49.75	15.9464	0	0	11.0703	0	0	61.2763	-7.97321
49.8	16.4999	0	0	10.273	0	0	52.7676	-8.24997
49.85	17.0136	0	0	9.44803	0	0	44.6326	-8.5068
49.9	17.486	0	0	8.59735	0	0	36.9572	-8.743
49.95	17.9159	0	0	7.72305	0	0	29.8228	-8.95793
50	18.302	0	0	6.82726	0	0	23.3057	-9.15101
50.05	18.6434	0	0	5.91216	0	0	17.4768	-9.32169
50.1	18.939	0	0	4.97999	0	0	12.4001	-9.46949
50.15	19.188	0	0	4.03304	0	0	8.1327	-9.59399
50.2	19.3896	0	0	3.07364	0	0	4.72363	-9.69482
50.25	19.5433	0	0	2.10416	0	0	2.21374	-9.77166
50.3	19.6485	0	0	1.12699	0	0	0.635055	-9.82426
50.35	19.7049	0	0	0.144565	0	0	0.0104495	-9.85244
50.4	19.7121	0	0	-0.840679	0	0	0.353371	-9.85605
50.45	19.6701	0	0	-1.82628	0	0	1.66766	-9.83504
50.5	19.5788	0	0	-2.80979	0	0	3.94746	-9.78938
50.55	19.4383	0	0	-3.78873	0	0	7.17722	-9.71913
50.6	19.2488	0	0	-4.76064	0	0	11.3318	-9.62442
50.65	19.0108	0	0	-5.72308	0	0	16.3768	-9.5054
50.7	18.7246	0	0	-6.67362	0	0	22.2686	-9.36232
50.75	18.391	0	0	-7.60985	0	0	28.9549	-9.19548
50.8	18.0105	0	0	-8.5294	0	0	36.3754	-9.00524
50.85	17.584	0	0	-9.42993	0	0	44.4618	-8.792
50.9	17.1125	0	0	-10.3091	0	0	53.139	-8.55625
50.95	16.5971	0	0	-11.1648	0	0	62.3258	-8.29853
51	16.0388	0	0	-11.9946	0	0	71.9353	-8.01941
51.05	15.4391	0	0	-12.7965	0	0	81.8758	-7.71954
51.1	14.7993	0	0	-13.5685	0	0	92.0521	-7.39963
51.15	14.1208	0	0	-14.3085	0	0	102.366	-7.06042
51.2	13.4054	0	0	-15.0145	0	0	112.718	-6.7027
51.25	12.6547	0	0	-15.6848	0	0	123.006	-6.32734
51.3	11.8704	0	0	-16.3175	0	0	133.131	-5.93522
51.35	11.0546	0	0	-16.911	0	0	142.991	-5.52728
51.4	10.209	0	0	-17.4638	0	0	152.491	-5.10451
51.45	9.33583	0	0	-17.9742	0	0	161.536	-4.66791
51.5	8.43712	0	0	-18.441	0	0	170.035	-4.21856
51.55	7.51507	0	0	-18.8629	0	0	177.904	-3.75753
51.6	6.57193	0	0	-19.2386	0	0	185.062	-3.28596
51.65	5.61	0	0	-19.5672	0	0	191.438	-2.805
51.7	4.63164	0	0	-19.8477	0	0	196.966	-2.31582
51.75	3.63925	0	0	-20.0793	0	0	201.589	-1.81962
51.8	2.63529	0	0	-20.2613	0	0	205.259	-1.31764
51.85	1.62222	0	0	-20.393	0	0	207.938	-0.811111
51.9	0.602572	0	0	-20.4741	0	0	209.595	-0.301286
51.95	-0.421134	0	0	-20.5043	0	0	210.212	-0.210567
52	-1.44635	0	0	-20.4832	0	0	209.781	-0.723173
52.05	-2.47051	0	0	-20.4109	0	0	208.302	-1.23525
52.1	-3.49105	0	0	-20.2874	0	0	205.788	-1.74553
52.15	-4.50542	0	0	-20.1128	0	0	202.262	-2.25271
52.2	-5.51106	0	0	-19.8875	0	0	197.757	-2.75553
52.25	-6.50544	0	0	-19.612	0	0	192.315	-3.25272
52.3	-7.48603	0	0	-19.2867	0	0	185.989	-3.74302
52.35	-8.45037	0	0	-18.9124	0	0	178.84	-4.22518
52.4	-9.39599	0	0	-18.4899	0	0	170.938	-4.69799
52.45	-10.3205	0	0	-18.0201	0	0	162.362	-5.16024
52.5	-11.2215	0	0	-17.5041	0	0	153.196	-5.61074
52.55	-12.0967	0	0	-16.943	0	0	143.532	-6.04835
52.6	-12.9438	0	0	-16.3382	0	0	133.468	-6.47192
52.65	-13.7607	0	0	-15.691	0	0	123.103	-6.88037
52.7	-14.5453	0	0	-15.0029	0	0	112.544	-7.27265
52.75	-15.2954	0	0	-14.2757	0	0	101.897	-7.64772
52.8	-16.0092	0	0	-13.5109	0	0	91.272	-8.00461
52.85	-16.6848	0	0	-12.7104	0	0	80.7775	-8.34239
52.9	-17.3203	0	0	-11.8762	0	0	70.5219	-8.66015
52.95	-17.9141	0	0	-11.0102	0	0	60.612	-8.95705
53	-18.4646	0	0	-10.1145	0	0	51.1512	-9.2323
53.05	-18.9703	0	0	-9.19124	0	0	42.2394	-9.48517
53.1	-19.4299	0	0	-8.24272	0	0	33.9712	-9.71495
53.15	-19.842	0	0	-7.27123	0	0	26.4354	-9.92102
53.2	-20.2056	0	0	-6.27912	0	0	19.7137	-10.1028
53.25	-20.5195	0	0	-5.26885	0	0	13.8804	-10.2598
53.3	-20.783	0	0	-4.24287	0	0	9.00096	-10.3915
53.35	-20.9951	0	0	-3.20372	0	0	5.1319	-10.4976
53.4	-21.1553	0	0	-2.15396	0	0	2.31977	-10.5777
53.45	-21.263	0	0	-1.0962	0	0	0.600822	-10.6315
53.5	-21.3178	0	0	-0.0330445	0	0	0.000545968	-10.6589
53.55	-21.3195	0	0	1.03285	0	0	0.533386	-10.6597
53.6	-21.2678	0	0	2.09882	0	0	2.20252	-10.6339
53.65	-21.1629	0	0	3.16221	0	0	4.99979	-10.5814
53.7	-21.0048	0	0	4.22036	0	0	8.90571	-10.5024
53.75	-20.7938	0	0	5.2706	0	0	13.8896	-10.3969
53.8	-20.5302	0	0	6.31029	0	0	19.9099	-10.2651
53.85	-20.2147	0	0	7.3368	0	0	26.9143	-10.1074
53.9	-19.8479	0	0	8.34753	0	0	34.8407	-9.92394
53.95	-19.4305	0	0	9.33993	0	0	43.6171	-9.71525
54	-18.9635	0	0	10.3115	0	0	53.163	-9.48176
54.05	-18.4479	0	0	11.2596	0	0	63.3896	-9.22397
54.1	-17.885	0	0	12.182	0	0	74.2009	-8.94248
54.15	-17.2759	0	0	13.0763	0	0	85.4945	-8.63793
54.2	-16.622	0	0	13.9401	0	0	97.1627	-8.31102
54.25	-15.925	0	0	14.7712	0	0	109.094	-7.96252
54.3	-15.1865	0	0	15.5674	0	0	121.172	-7.59324
54.35	-14.4081	0	0	16.3267	0	0	133.281	-7.20405
54.4	-13.5918	0	0	17.0471	0	0	145.303	-6.79589
54.45	-12.7394	0	0	17.7267	0	0	157.119	-6.36971
54.5	-11.8531	0	0	18.3637	0	0	168.613	-5.92654
54.55	-10.9349	0	0	18.9564	0	0	179.672	-5.46745
54.6	-9.98707	0	0	19.5031	0	0	190.186	-4.99354
54.65	-9.01192	0	0	20.0025	0	0	200.049	-4.50596
54.7	-8.0118	0	0	20.4531	0	0	209.164	-4.0059
54.75	-6.98914	0	0	20.8536	0	0	217.437	-3.49457
54.8	-5.94646	0	0	21.2031	0	0	224.786	-2.97323
54.85	-4.88631	0	0	21.5004	0	0	231.134	-2.44315
54.9	-3.81128	0	0	21.7447	0	0	236.417	-1.90564
54.95	-2.72405	0	0	21.9353	0	0	240.579	-1.36202
55	-1.62728	0	0	22.0715	0	0	243.576	-0.813641
55.05	-0.523706	0	0	22.1529	0	0	245.375	-0.261853
55.1	0.583938	0	0	22.1791	0	0	245.955	-0.291969
55.15	1.69289	0	0	22.1499	0	0	245.308	-0.846445
55.2	2.80038	0	0	22.0652	0	0	243.437	-1.40019
55.25	3.90364	0	0	21.9252	0	0	240.357	-1.95182
55.3	4.9999	0	0	21.73	0	0	236.097	-2.49995
55.35	6.08641	0	0	21.48	0	0	230.696	-3.0432
55.4	7.16041	0	0	21.1757	0	0	224.205	-3.5802
55.45	8.21919	0	0	20.8177	0	0	216.688	-4.1096
55.5	9.26008	0	0	20.4067	0	0	208.217	-4.63004
55.55	10.2804	0	0	19.9437	0	0	198.876	-5.14021
55.6	11.2776	0	0	19.4297	0	0	188.757	-5.6388
55.65	12.2491	0	0	18.8658	0	0	177.96	-6.12454
55.7	13.1924	0	0	18.2534	0	0	166.593	-6.59619
55.75	14.105	0	0	17.5937	0	0	154.77	-7.05252
55.8	14.9847	0	0	16.8885	0	0	142.611	-7.49236
55.85	15.8292	0	0	16.1393	0	0	130.238	-7.91458
55.9	16.6361	0	0	15.3478	0	0	117.777	-8.31806
55.95	17.4035	0	0	14.516	0	0	105.357	-8.70175
56	18.1293	0	0	13.6458	0	0	93.1041	-9.06465
56.05	18.8116	0	0	12.7394	0	0	81.1455	-9.4058
56.1	19.4486	0	0	11.7988	0	0	69.6055	-9.72428
56.15	20.0385	0	0	10.8263	0	0	58.6049	-10.0193
56.2	20.5798	0	0	9.82442	0	0	48.2596	-10.2899
56.25	21.071	0	0	8.79543	0	0	38.6798	-10.5355
56.3	21.5108	0	0	7.74188	0	0	29.9683	-10.7554
56.35	21.8979	0	0	6.66633	0	0	22.22	-10.949
56.4	22.2312	0	0	5.57144	0	0	15.5205	-11.1156
56.45	22.5098	0	0	4.45988	0	0	9.94526	-11.2549
56.5	22.7328	0	0	3.33439	0	0	5.55907	-11.3664
56.55	22.8995	0	0	2.19775	0	0	2.41505	-11.4498
56.6	23.0094	0	0	1.05277	0	0	0.554166	-11.5047
56.65	23.062	0	0	-0.0976958	0	0	0.00477223	-11.531
56.7	23.0571	0	0	-1.2508	0	0	0.782247	-11.5286
56.75	22.9946	0	0	-2.40365	0	0	2.88878	-11.4973
56.8	22.8744	0	0	-3.55339	0	0	6.31327	-11.4372
56.85	22.6968	0	0	-4.69711	0	0	11.0314	-11.3484
56.9	22.4619	0	0	-5.83194	0	0	17.0058	-11.231
56.95	22.1703	0	0	-6.95504	0	0	24.1863	-11.0852
57	21.8226	0	0	-8.06355	0	0	32.5105	-10.9113
57.05	21.4194	0	0	-9.15468	0	0	41.9041	-10.7097
57.1	20.9616	0	0	-10.2257	0	0	52.282	-10.4808
57.15	20.4504	0	0	-11.2737	0	0	63.5485	-10.2252
57.2	19.8867	0	0	-12.2963	0	0	75.5989	-9.94334
57.25	19.2719	0	0	-13.2906	0	0	88.3198	-9.63593
57.3	18.6073	0	0	-14.2542	0	0	101.591	-9.30366
57.35	17.8946	0	0	-15.1845	0	0	115.285	-8.94731
57.4	17.1354	0	0	-16.0793	0	0	129.272	-8.5677
57.45	16.3314	0	0	-16.936	0	0	143.415	-8.16571
57.5	15.4846	0	0	-17.7526	0	0	157.578	-7.74231
57.55	14.597	0	0	-18.5268	0	0	171.622	-7.2985
57.6	13.6707	0	0	-19.2567	0	0	185.41	-6.83533
57.65	12.7078	0	0	-19.9402	0	0	198.806	-6.35391
57.7	11.7108	0	0	-20.5756	0	0	211.678	-5.8554
57.75	10.682	0	0	-21.1612	0	0	223.897	-5.34101
57.8	9.62397	0	0	-21.6953	0	0	235.342	-4.81198
57.85	8.53921	0	0	-22.1765	0	0	245.898	-4.2696
57.9	7.43038	0	0	-22.6034	0	0	255.457	-3.71519
57.95	6.30021	0	0	-22.9749	0	0	263.924	-3.15011
58	5.15146	0	0	-23.29	0	0	271.211	-2.57573
58.05	3.98697	0	0	-23.5475	0	0	277.243	-1.99348
58.1	2.80959	0	0	-23.7469	0	0	281.957	-1.4048
58.15	1.62225	0	0	-23.8874	0	0	285.303	-0.811123
58.2	0.427879	0	0	-23.9685	0	0	287.244	-0.21394
58.25	-0.770544	0	0	-23.9899	0	0	287.757	-0.385272
58.3	-1.97004	0	0	-23.9513	0	0	286.833	-0.985018
58.35	-3.1676	0	0	-23.8528	0	0	284.479	-1.5838
58.4	-4.36024	0	0	-23.6944	0	0	280.713	-2.18012
58.45	-5.54497	0	0	-23.4764	0	0	275.572	-2.77248
58.5	-6.71879	0	0	-23.1992	0	0	269.101	-3.35939
58.55	-7.87875	0	0	-22.8632	0	0	261.364	-3.93937
58.6	-9.02191	0	0	-22.4693	0	0	252.435	-4.51096
58.65	-10.1454	0	0	-22.0182	0	0	242.401	-5.07269
58.7	-11.2463	0	0	-21.5109	0	0	231.36	-5.62314
58.75	-12.3218	0	0	-20.9486	0	0	219.423	-6.16092
58.8	-13.3693	0	0	-20.3325	0	0	206.706	-6.68463
58.85	-14.3859	0	0	-19.6641	0	0	193.338	-7.19295
58.9	-15.3691	0	0	-18.9448	0	0	179.452	-7.68455
58.95	-16.3163	0	0	-18.1763	0	0	165.189	-8.15817
59	-17.2252	0	0	-17.3605	0	0	150.694	-8.61258
59.05	-18.0932	0	0	-16.4993	0	0	136.113	-9.04659
59.1	-18.9181	0	0	-15.5946	0	0	121.596	-9.45907
59.15	-19.6979	0	0	-14.6487	0	0	107.292	-9.84894
59.2	-20.4303	0	0	-13.6638	0	0	93.3496	-10.2152
59.25	-21.1135	0	0	-12.6423	0	0	79.9136	-10.5567
59.3	-21.7456	0	0	-11.5866	0	0	67.1247	-10.8728
59.35	-22.3249	0	0	-10.4993	0	0	55.1179	-11.1625
59.4	-22.8499	0	0	-9.38308	0	0	44.0211	-11.425
59.45	-23.3191	0	0	-8.24058	0	0	33.9536	-11.6595
59.5	-23.7311	0	0	-7.07463	0	0	25.0252	-11.8655
59.55	-24.0848	0	0	-5.88807	0	0	17.3347	-12.0424
59.6	-24.3792	0	0	-4.68383	0	0	10.9691	-12.1896
59.65	-24.6134	0	0	-3.46487	0	0	6.00267	-12.3067
59.7	-24.7867	0	0	-2.2342	0	0	2.49583	-12.3933
59.75	-24.8984	0	0	-0.994868	0	0	0.494882	-12.4492
59.8	-24.9481	0	0	0.25005	0	0	0.0312625	-12.4741
59.85	-24.9356	0	0	1.49746	0	0	1.12119	-12.4678
59.9	-24.8607	0	0	2.74424	0	0	3.76542	-12.4304
59.95	-24.7235	0	0	3.98727	0	0	7.94917	-12.3618
60	-24.5242	0	0	5.22345	0	0	13.6422	-12.2621
60.05	-24.263	0	0	6.44966	0	0	20.799	-12.1315
60.1	-23.9405	0	0	7.66281	0	0	29.3593	-11.9703
60.15	-23.5574	0	0	8.85983	0	0	39.2483	-11.7787
60.2	-23.1144	0	0	10.0377	0	0	50.3777	-11.5572
60.25	-22.6125	0	0	11.1934	0	0	62.6463	-11.3062
60.3	-22.0528	0	0	12.324	0	0	75.941	-11.0264
60.35	-21.4366	0	0	13.4267	0	0	90.1379	-10.7183
60.4	-20.7653	0	0	14.4985	0	0	105.103	-10.3826
60.45	-20.0404	0	0	15.5368	0	0	120.696	-10.0202
60.5	-19.2635	0	0	16.5388	0	0	136.766	-9.63176
60.55	-18.4366	0	0	17.502	0	0	153.16	-9.21829
60.6	-17.5615	0	0	18.4238	0	0	169.718	-8.78074
60.65	-16.6403	0	0	19.3019	0	0	186.281	-8.32014
60.7	-15.6752	0	0	20.1339	0	0	202.687	-7.8376
60.75	-14.6685	0	0	20.9176	0	0	218.774	-7.33425
60.8	-13.6226	0	0	21.6511	0	0	234.385	-6.81131
60.85	-12.5401	0	0	22.3322	0	0	249.364	-6.27003
60.9	-11.4235	0	0	22.9592	0	0	263.563	-5.71173
60.95	-10.2755	0	0	23.5304	0	0	276.839	-5.13775
61	-9.09897	0	0	24.0442	0	0	289.061	-4.54949
61.05	-7.89677	0	0	24.4991	0	0	300.103	-3.94838
61.1	-6.67181	0	0	24.8939	0	0	309.854	-3.33591
61.15	-5.42711	0	0	25.2275	0	0	318.214	-2.71356
61.2	-4.16574	0	0	25.4989	0	0	325.097	-2.08287
61.25	-2.89079	0	0	25.7072	0	0	330.429	-1.4454
61.3	-1.60543	0	0	25.8517	0	0	334.156	-0.802717
61.35	-0.312848	0	0	25.932	0	0	336.234	-0.156424
61.4	0.983751	0	0	25.9476	0	0	336.64	-0.491876
61.45	2.28113	0	0	25.8984	0	0	335.365	-1.14057
61.5	3.57605	0	0	25.7844	0	0	332.417	-1.78803
61.55	4.86527	0	0	25.6056	0	0	327.823	-2.43264
61.6	6.14555	0	0	25.3623	0	0	321.624	-3.07278
61.65	7.41367	0	0	25.055	0	0	313.878	-3.70683
61.7	8.66642	0	0	24.6844	0	0	304.659	-4.33321
61.75	9.90064	0	0	24.251	0	0	294.056	-4.95032
61.8	11.1132	0	0	23.756	0	0	282.174	-5.5566
61.85	12.301	0	0	23.2003	0	0	269.128	-6.1505
61.9	13.461	0	0	22.5853	0	0	255.048	-6.7305
61.95	14.5903	0	0	21.9122	0	0	240.073	-7.29514
62	15.6859	0	0	21.1827	0	0	224.354	-7.84294
62.05	16.745	0	0	20.3984	0	0	208.048	-8.37251
62.1	17.7649	0	0	19.5612	0	0	191.32	-8.88247
62.15	18.743	0	0	18.6729	0	0	174.339	-9.3715
62.2	19.6767	0	0	17.7358	0	0	157.279	-9.83833
62.25	20.5634	0	0	16.752	0	0	140.314	-10.2817
62.3	21.401	0	0	15.7238	0	0	123.619	-10.7005
62.35	22.1872	0	0	14.6537	0	0	107.366	-11.0936
62.4	22.9199	0	0	13.5444	0	0	91.725	-11.46
62.45	23.5971	0	0	12.3984	0	0	76.8599	-11.7986
62.5	24.2171	0	0	11.2185	0	0	62.9276	-12.1085
62.55	24.778	0	0	10.0077	0	0	50.0767	-12.389
62.6	25.2784	0	0	8.76877	0	0	38.4456	-12.6392
62.65	25.7168	0	0	7.50485	0	0	28.1614	-12.8584
62.7	26.092	0	0	6.21901	0	0	19.338	-13.046
62.75	26.403	0	0	4.91441	0	0	12.0757	-13.2015
62.8	26.6487	0	0	3.59426	0	0	6.45935	-13.3244
62.85	26.8284	0	0	2.26182	0	0	2.55792	-13.4142
62.9	26.9415	0	0	0.920401	0	0	0.423569	-13.4708
62.95	26.9875	0	0	-0.426675	0	0	0.0910256	-13.4938
63	26.9662	0	0	-1.77605	0	0	1.57718	-13.4831
63.05	26.8774	0	0	-3.12436	0	0	4.88082	-13.4387
63.1	26.7212	0	0	-4.46823	0	0	9.98255	-13.3606
63.15	26.4978	0	0	-5.80429	0	0	16.8449	-13.2489
63.2	26.2076	0	0	-7.12918	0	0	25.4126	-13.1038
63.25	25.8511	0	0	-8.43956	0	0	35.6131	-12.9255
63.3	25.4291	0	0	-9.73211	0	0	47.357	-12.7146
63.35	24.9425	0	0	-11.0036	0	0	60.5393	-12.4713
63.4	24.3923	0	0	-12.2507	0	0	75.0397	-12.1962
63.45	23.7798	0	0	-13.4703	0	0	90.7246	-11.8899
63.5	23.1063	0	0	-14.6593	0	0	107.448	-11.5531
63.55	22.3733	0	0	-15.8146	0	0	125.051	-11.1867
63.6	21.5826	0	0	-16.9333	0	0	143.368	-10.7913
63.65	20.7359	0	0	-18.0124	0	0	162.223	-10.368
63.7	19.8353	0	0	-19.0492	0	0	181.436	-9.91765
63.75	18.8828	0	0	-20.041	0	0	200.82	-9.44142
63.8	17.8808	0	0	-20.9851	0	0	220.187	-8.9404
63.85	16.8315	0	0	-21.8792	0	0	239.349	-8.41577
63.9	15.7376	0	0	-22.7207	0	0	258.116	-7.86879
63.95	14.6015	0	0	-23.5076	0	0	276.304	-7.30077
64	13.4262	0	0	-24.2377	0	0	293.733	-6.71308
64.05	12.2143	0	0	-24.909	0	0	310.229	-6.10714
64.1	10.9688	0	0	-25.5197	0	0	325.628	-5.48442
64.15	9.69285	0	0	-26.0682	0	0	339.774	-4.84642
64.2	8.38944	0	0	-26.5528	0	0	352.525	-4.19472
64.25	7.0618	0	0	-26.9723	0	0	363.752	-3.5309
64.3	5.71319	0	0	-27.3254	0	0	373.337	-2.85659
64.35	4.34692	0	0	-27.611	0	0	381.184	-2.17346
64.4	2.96637	0	0	-27.8284	0	0	387.209	-1.48318
64.45	1.57495	0	0	-27.9767	0	0	391.347	-0.787474
64.5	0.176115	0	0	-28.0554	0	0	393.553	-0.0880575
64.55	-1.22666	0	0	-28.0642	0	0	393.801	-0.613328
64.6	-2.62987	0	0	-28.0029	0	0	392.081	-1.31493
64.65	-4.03001	0	0	-27.8714	0	0	388.408	-2.01501
64.7	-5.42358	0	0	-27.6699	0	0	382.812	-2.71179
64.75	-6.80708	0	0	-27.3987	0	0	375.345	-3.40354
64.8	-8.17701	0	0	-27.0584	0	0	366.078	-4.08851
64.85	-9.52993	0	0	-26.6495	0	0	355.098	-4.76497
64.9	-10.8624	0	0	-26.173	0	0	342.514	-5.4312
64.95	-12.1711	0	0	-25.6299	0	0	328.446	-6.08553
65	-13.4526	0	0	-25.0214	0	0	313.034	-6.72628
65.05	-14.7036	0	0	-24.3487	0	0	296.43	-7.35181
65.1	-15.9211	0	0	-23.6135	0	0	278.8	-7.96053
65.15	-17.1017	0	0	-22.8175	0	0	260.319	-8.55087
65.2	-18.2426	0	0	-21.9624	0	0	241.174	-9.12131
65.25	-19.3407	0	0	-21.0503	0	0	221.557	-9.67037
65.3	-20.3932	0	0	-20.0832	0	0	201.668	-10.1966
65.35	-21.3974	0	0	-19.0636	0	0	181.71	-10.6987
65.4	-22.3506	0	0	-17.9937	0	0	161.887	-11.1753
65.45	-23.2503	0	0	-16.8762	0	0	142.403	-11.6251
65.5	-24.0941	0	0	-15.7137	0	0	123.46	-12.047
65.55	-24.8798	0	0	-14.509	0	0	105.255	-12.4399
65.6	-25.6052	0	0	-13.265	0	0	87.9797	-12.8026
65.65	-26.2685	0	0	-11.9847	0	0	71.8166	-13.1342
65.7	-26.8677	0	0	-10.6713	0	0	56.9382	-13.4338
65.75	-27.4013	0	0	-9.3279	0	0	43.5049	-13.7006
65.8	-27.8677	0	0	-7.95784	0	0	31.6636	-13.9338
65.85	-28.2655	0	0	-6.56445	0	0	21.546	-14.1328
65.9	-28.5938	0	0	-5.15118	0	0	13.2673	-14.2969
65.95	-28.8513	0	0	-3.72149	0	0	6.92474	-14.4257
66	-29.0374	0	0	-2.27892	0	0	2.59674	-14.5187
66.05	-29.1513	0	0	-0.827052	0	0	0.342008	-14.5757
66.1	-29.1927	0	0	0.630515	0	0	0.198775	-14.5963
66.15	-29.1612	0	0	2.09015	0	0	2.18436	-14.5806
66.2	-29.0567	0	0	3.54821	0	0	6.29489	-14.5283
66.25	-28.8793	0	0	5.00104	0	0	12.5052	-14.4396
66.3	-28.6292	0	0	6.445	0	0	20.769	-14.3146
66.35	-28.307	0	0	7.87646	0	0	31.0193	-14.1535
66.4	-27.9131	0	0	9.29181	0	0	43.1689	-13.9566
66.45	-27.4485	0	0	10.6875	0	0	57.111	-13.7243
66.5	-26.9142	0	0	12.0599	0	0	72.7205	-13.4571
66.55	-26.3112	0	0	13.4056	0	0	89.8551	-13.1556
66.6	-25.6409	0	0	14.7212	0	0	108.356	-12.8204
66.65	-24.9048	0	0	16.0032	0	0	128.051	-12.4524
66.7	-24.1047	0	0	17.2484	0	0	148.754	-12.0523
66.75	-23.2422	0	0	18.4537	0	0	170.269	-11.6211
66.8	-22.3196	0	0	19.6158	0	0	192.39	-11.1598
66.85	-21.3388	0	0	20.7318	0	0	214.903	-10.6694
66.9	-20.3022	0	0	21.7987	0	0	237.592	-10.1511
66.95	-19.2123	0	0	22.8138	0	0	260.235	-9.60613
67	-18.0716	0	0	23.7744	0	0	282.612	-9.03578
67.05	-16.8828	0	0	24.678	0	0	304.502	-8.44142
67.1	-15.6489	0	0	25.5222	0	0	325.69	-7.82447
67.15	-14.3728	0	0	26.3046	0	0	345.966	-7.18642
67.2	-13.0576	0	0	27.0232	0	0	365.128	-6.5288
67.25	-11.7064	0	0	27.6761	0	0	382.984	-5.85322
67.3	-10.3226	0	0	28.2614	0	0	399.355	-5.16132
67.35	-8.90956	0	0	28.7776	0	0	414.074	-4.45478
67.4	-7.47068	0	0	29.2231	0	0	426.993	-3.73534
67.45	-6.00953	0	0	29.5966	0	0	437.979	-3.00476
67.5	-4.5297	0	0	29.8971	0	0	446.917	-2.26485
67.55	-3.03485	0	0	30.1235	0	0	453.714	-1.51742
67.6	-1.52867	0	0	30.2753	0	0	458.297	-0.764334
67.65	-0.0149038	0	0	30.3517	0	0	460.614	-0.0074519
67.7	1.50268	0	0	30.3525	0	0	460.636	-0.751341
67.75	3.02031	0	0	30.2773	0	0	458.359	-1.51015
67.8	4.53417	0	0	30.1263	0	0	453.798	-2.26709
67.85	6.04049	0	0	29.8996	0	0	446.993	-3.02024
67.9	7.53547	0	0	29.5976	0	0	438.009	-3.76773
67.95	9.01535	0	0	29.2208	0	0	426.928	-4.50767
68	10.4764	0	0	28.77	0	0	413.858	-5.23819
68.05	11.9149	0	0	28.2462	0	0	398.925	-5.95745
68.1	13.3272	0	0	27.6505	0	0	382.275	-6.6636
68.15	14.7097	0	0	26.9841	0	0	364.071	-7.35486
68.2	16.0589	0	0	26.2486	0	0	344.495	-8.02947
68.25	17.3714	0	0	25.4457	0	0	323.742	-8.68568
68.3	18.6436	0	0	24.5771	0	0	302.017	-9.32182
68.35	19.8725	0	0	23.6449	0	0	279.542	-9.93625
68.4	21.0548	0	0	22.6513	0	0	256.541	-10.5274
68.45	22.1873	0	0	21.5986	0	0	233.249	-11.0937
68.5	23.2672	0	0	20.4892	0	0	209.904	-11.6336
68.55	24.2917	0	0	19.3258	0	0	186.744	-12.1459
68.6	25.258	0	0	18.1113	0	0	164.009	-12.629
68.65	26.1636	0	0	16.8484	0	0	141.934	-13.0818
68.7	27.006	0	0	15.5402	0	0	120.749	-13.503
68.75	27.783	0	0	14.1899	0	0	100.676	-13.8915
68.8	28.4925	0	0	12.8007	0	0	81.9294	-14.2462
68.85	29.1325	0	0	11.3761	0	0	64.708	-14.5663
68.9	29.7013	0	0	9.91948	0	0	49.1981	-14.8507
68.95	30.1973	0	0	8.43442	0	0	35.5697	-15.0987
69	30.619	0	0	6.92455	0	0	23.9747	-15.3095
69.05	30.9652	0	0	5.3936	0	0	14.5455	-15.4826
69.1	31.2349	0	0	3.84534	0	0	7.39332	-15.6175
69.15	31.4272	0	0	2.28359	0	0	2.6074	-15.7136
69.2	31.5414	0	0	0.712234	0	0	0.253638	-15.7707
69.25	31.577	0	0	-0.864835	0	0	0.37397	-15.7885
69.3	31.5337	0	0	-2.44368	0	0	2.9858	-15.7669
69.35	31.4116	0	0	-4.02037	0	0	8.08169	-15.7058
69.4	31.2105	0	0	-5.59095	0	0	15.6294	-15.6053
69.45	30.931	0	0	-7.15148	0	0	25.5718	-15.4655
69.5	30.5734	0	0	-8.69803	0	0	37.8278	-15.2867
69.55	30.1385	0	0	-10.2267	0	0	52.2927	-15.0693
69.6	29.6272	0	0	-11.7336	0	0	68.839	-14.8136
69.65	29.0405	0	0	-13.215	0	0	87.3179	-14.5203
69.7	28.3798	0	0	-14.667	0	0	107.561	-14.1899
69.75	27.6464	0	0	-16.086	0	0	129.38	-13.8232
69.8	26.8421	0	0	-17.4683	0	0	152.571	-13.4211
69.85	25.9687	0	0	-18.8104	0	0	176.916	-12.9843
69.9	25.0282	0	0	-20.1089	0	0	202.183	-12.5141
69.95	24.0227	0	0	-21.3603	0	0	228.13	-12.0114