0	5.61231	0	0	0	0	0	0	-2.80616
0.1	5.61231	0	0	0	0	0	0	-2.80616
0.2	5.61231	0	0	-0.561231	0	0	0.15749	-2.80616
0.3	5.55619	0	0	-1.12246	0	0	0.629961	-2.77809
0.4	5.44394	0	0	-1.67808	0	0	1.40798	-2.72197
0.5	5.27613	0	0	-2.22247	0	0	2.4697	-2.63807
0.6	5.05389	0	0	-2.75009	0	0	3.78149	-2.52694
0.7	4.77888	0	0	-3.25548	0	0	5.29906	-2.38944
0.8	4.45333	0	0	-3.73336	0	0	6.969	-2.22666
0.9	4.07999	0	0	-4.1787	0	0	8.73076	-2.04
1	3.66212	0	0	-4.5867	0	0	10.5189	-1.83106
1.1	3.20345	0	0	-4.95291	0	0	12.2657	-1.60173
1.2	2.70816	0	0	-5.27325	0	0	13.9036	-1.35408
1.3	2.18084	0	0	-5.54407	0	0	15.3684	-1.09042
1.4	1.62643	0	0	-5.76215	0	0	16.6012	-0.813215
1.5	1.05021	0	0	-5.9248	0	0	17.5516	-0.525107
1.6	0.457735	0	0	-6.02982	0	0	18.1794	-0.228867
1.7	-0.145247	0	0	-6.07559	0	0	18.4564	-0.0726236
1.8	-0.752806	0	0	-6.06107	0	0	18.3683	-0.376403
1.9	-1.35891	0	0	-5.98579	0	0	17.9148	-0.679457
2	-1.95749	0	0	-5.8499	0	0	17.1106	-0.978746
2.1	-2.54248	0	0	-5.65415	0	0	15.9847	-1.27124
2.2	-3.1079	0	0	-5.3999	0	0	14.5794	-1.55395
2.3	-3.64789	0	0	-5.08911	0	0	12.9495	-1.82394
2.4	-4.1568	0	0	-4.72432	0	0	11.1596	-2.0784
2.5	-4.62923	0	0	-4.30864	0	0	9.28219	-2.31461
2.6	-5.06009	0	0	-3.84572	0	0	7.39477	-2.53005
2.7	-5.44466	0	0	-3.33971	0	0	5.57682	-2.72233
2.8	-5.77863	0	0	-2.79524	0	0	3.90669	-2.88932
2.9	-6.05816	0	0	-2.21738	0	0	2.45838	-3.02908
3	-6.2799	0	0	-1.61156	0	0	1.29857	-3.13995
3.1	-6.44105	0	0	-0.983573	0	0	0.483707	-3.22053
3.2	-6.53941	0	0	-0.339467	0	0	0.057619	-3.26971
3.3	-6.57336	0	0	0.314474	0	0	0.0494469	-3.28668
3.4	-6.54191	0	0	0.97181	0	0	0.472207	-3.27095
3.5	-6.44473	0	0	1.626	0	0	1.32194	-3.22236
3.6	-6.28213	0	0	2.27047	0	0	2.57752	-3.14106
3.7	-6.05508	0	0	2.89869	0	0	4.20119	-3.02754
3.8	-5.76521	0	0	3.50419	0	0	6.13969	-2.88261
3.9	-5.41479	0	0	4.08072	0	0	8.32612	-2.7074
4	-5.00672	0	0	4.6222	0	0	10.6823	-2.50336
4.1	-4.5445	0	0	5.12287	0	0	13.1219	-2.27225
4.2	-4.03222	0	0	5.57732	0	0	15.5532	-2.01611
4.3	-3.47448	0	0	5.98054	0	0	17.8834	-1.73724
4.4	-2.87643	0	0	6.32799	0	0	20.0217	-1.43821
4.5	-2.24363	0	0	6.61563	0	0	21.8833	-1.12182
4.6	-1.58207	0	0	6.83999	0	0	23.3928	-0.791034
4.7	-0.898069	0	0	6.9982	0	0	24.4874	-0.449034
4.8	-0.198249	0	0	7.08801	0	0	25.1199	-0.0991244
4.9	0.510552	0	0	7.10783	0	0	25.2606	-0.255276
5	1.22134	0	0	7.05678	0	0	24.899	-0.610668
5.1	1.92701	0	0	6.93464	0	0	24.0446	-0.963506
5.2	2.62048	0	0	6.74194	0	0	22.7269	-1.31024
5.3	3.29467	0	0	6.47989	0	0	20.9945	-1.64734
5.4	3.94266	0	0	6.15043	0	0	18.9139	-1.97133
5.5	4.5577	0	0	5.75616	0	0	16.5667	-2.27885
5.6	5.13332	0	0	5.30039	0	0	14.0471	-2.56666
5.7	5.66336	0	0	4.78706	0	0	11.458	-2.83168
5.8	6.14206	0	0	4.22072	0	0	8.90725	-3.07103
5.9	6.56414	0	0	3.60652	0	0	6.50348	-3.28207
6	6.92479	0	0	2.9501	0	0	4.35155	-3.46239
6.1	7.2198	0	0	2.25762	0	0	2.54843	-3.6099
6.2	7.44556	0	0	1.53564	0	0	1.1791	-3.72278
6.3	7.59913	0	0	0.791088	0	0	0.31291	-3.79956
6.4	7.67823	0	0	0.0311753	0	0	0.000485951	-3.83912
6.5	7.68135	0	0	-0.736648	0	0	0.271325	-3.84068
6.6	7.60769	0	0	-1.50478	0	0	1.13219	-3.80384
6.7	7.45721	0	0	-2.26555	0	0	2.56636	-3.7286
6.8	7.23065	0	0	-3.01127	0	0	4.53388	-3.61533
6.9	6.92953	0	0	-3.73434	0	0	6.97264	-3.46476
7	6.55609	0	0	-4.42729	0	0	9.80045	-3.27805
7.1	6.11336	0	0	-5.0829	0	0	12.9179	-3.05668
7.2	5.60507	0	0	-5.69424	0	0	16.2122	-2.80254
7.3	5.03565	0	0	-6.25474	0	0	19.5609	-2.51782
7.4	4.41018	0	0	-6.75831	0	0	22.8374	-2.20509
7.5	3.73434	0	0	-7.19933	0	0	25.9151	-1.86717
7.6	3.01441	0	0	-7.57276	0	0	28.6734	-1.50721
7.7	2.25714	0	0	-7.8742	0	0	31.0015	-1.12857
7.8	1.46972	0	0	-8.09992	0	0	32.8043	-0.734858
7.9	0.659724	0	0	-8.24689	0	0	34.0056	-0.329862
8	-0.164965	0	0	-8.31286	0	0	34.5518	-0.0824823
8.1	-0.996251	0	0	-8.29636	0	0	34.4148	-0.498125
8.2	-1.82589	0	0	-8.19674	0	0	33.5933	-0.912943
8.3	-2.64556	0	0	-8.01415	0	0	32.1133	-1.32278
8.4	-3.44698	0	0	-7.74959	0	0	30.0281	-1.72349
8.5	-4.22193	0	0	-7.4049	0	0	27.4162	-2.11097
8.6	-4.96242	0	0	-6.9827	0	0	24.3791	-2.48121
8.7	-5.66069	0	0	-6.48646	0	0	21.0371	-2.83035
8.8	-6.30934	0	0	-5.92039	0	0	17.5255	-3.15467
8.9	-6.90138	0	0	-5.28946	0	0	13.9892	-3.45069
9	-7.43033	0	0	-4.59932	0	0	10.5769	-3.71516
9.1	-7.89026	0	0	-3.85629	0	0	7.43547	-3.94513
9.2	-8.27589	0	0	-3.06726	0	0	4.70404	-4.13794
9.3	-8.58261	0	0	-2.23967	0	0	2.50806	-4.29131
9.4	-8.80658	0	0	-1.38141	0	0	0.954147	-4.40329
9.5	-8.94472	0	0	-0.500752	0	0	0.125376	-4.47236
9.6	-8.9948	0	0	0.39372	0	0	0.0775076	-4.4974
9.7	-8.95542	0	0	1.2932	0	0	0.836182	-4.47771
9.8	-8.8261	0	0	2.18874	0	0	2.39529	-4.41305
9.9	-8.60723	0	0	3.07135	0	0	4.7166	-4.30361
10	-8.30009	0	0	3.93207	0	0	7.73061	-4.15005
10.1	-7.90689	0	0	4.76208	0	0	11.3387	-3.95344
10.2	-7.43068	0	0	5.55277	0	0	15.4166	-3.71534
10.3	-6.8754	0	0	6.29584	0	0	19.8188	-3.4377
10.4	-6.24582	0	0	6.98338	0	0	24.3838	-3.12291
10.5	-5.54748	0	0	7.60796	0	0	28.9405	-2.77374
10.6	-4.78668	0	0	8.16271	0	0	33.3149	-2.39334
10.7	-3.97041	0	0	8.64138	0	0	37.3367	-1.98521
10.8	-3.10627	0	0	9.03842	0	0	40.8465	-1.55314
10.9	-2.20243	0	0	9.34905	0	0	43.7023	-1.10122
11	-1.26753	0	0	9.56929	0	0	45.7857	-0.633763
11.1	-0.310598	0	0	9.69604	0	0	47.0066	-0.155299
11.2	0.659006	0	0	9.7271	0	0	47.3083	-0.329503
11.3	1.63172	0	0	9.6612	0	0	46.6694	-0.815858
11.4	2.59784	0	0	9.49803	0	0	45.1063	-1.29892
11.5	3.54764	0	0	9.23825	0	0	42.6726	-1.77382
11.6	4.47146	0	0	8.88348	0	0	39.4581	-2.23573
11.7	5.35981	0	0	8.43634	0	0	35.5859	-2.67991
11.8	6.20345	0	0	7.90035	0	0	31.2078	-3.10172
11.9	6.99348	0	0	7.28001	0	0	26.4993	-3.49674
12	7.72148	0	0	6.58066	0	0	21.6526	-3.86074
12.1	8.37955	0	0	5.80851	0	0	16.8694	-4.18977
12.2	8.9604	0	0	4.97056	0	0	12.3532	-4.4802
12.3	9.45746	0	0	4.07452	0	0	8.30085	-4.72873
12.4	9.86491	0	0	3.12877	0	0	4.89461	-4.93245
12.5	10.1778	0	0	2.14228	0	0	2.29469	-5.08889
12.6	10.392	0	0	1.1245	0	0	0.632254	-5.19601
12.7	10.5045	0	0	0.0853023	0	0	0.00363824	-5.25223
12.8	10.513	0	0	-0.965144	0	0	0.465752	-5.2565
12.9	10.4165	0	0	-2.01644	0	0	2.03302	-5.20824
13	10.2148	0	0	-3.05809	0	0	4.67596	-5.10742
13.1	9.90903	0	0	-4.07958	0	0	8.32147	-4.95451
13.2	9.50107	0	0	-5.07048	0	0	12.8549	-4.75053
13.3	8.99402	0	0	-6.02058	0	0	18.1237	-4.49701
13.4	8.39196	0	0	-6.91999	0	0	23.9431	-4.19598
13.5	7.69996	0	0	-7.75918	0	0	30.1025	-3.84998
13.6	6.92405	0	0	-8.52918	0	0	36.3735	-3.46202
13.7	6.07113	0	0	-9.22158	0	0	42.5188	-3.03556
13.8	5.14897	0	0	-9.8287	0	0	48.3016	-2.57448
13.9	4.1661	0	0	-10.3436	0	0	53.495	-2.08305
14	3.13174	0	0	-10.7602	0	0	57.891	-1.56587
14.1	2.05572	0	0	-11.0734	0	0	61.3098	-1.02786
14.2	0.948382	0	0	-11.2789	0	0	63.6074	-0.474191
14.3	-0.179513	0	0	-11.3738	0	0	64.6815	-0.0897564
14.4	-1.31689	0	0	-11.3558	0	0	64.4775	-0.658446
14.5	-2.45248	0	0	-11.2241	0	0	62.9907	-1.22624
14.6	-3.57489	0	0	-10.9789	0	0	60.2681	-1.78744
14.7	-4.67278	0	0	-10.6214	0	0	56.4072	-2.33639
14.8	-5.73492	0	0	-10.1541	0	0	51.5532	-2.86746
14.9	-6.75033	0	0	-9.58064	0	0	45.8943	-3.37517
15	-7.7084	0	0	-8.90561	0	0	39.6549	-3.8542
15.1	-8.59896	0	0	-8.13477	0	0	33.0872	-4.29948
15.2	-9.41244	0	0	-7.27487	0	0	26.4619	-4.70622
15.3	-10.1399	0	0	-6.33363	0	0	20.0574	-5.06996
15.4	-10.7733	0	0	-5.31964	0	0	14.1493	-5.38664
15.5	-11.3052	0	0	-4.24231	0	0	8.99858	-5.65262
15.6	-11.7295	0	0	-3.11178	0	0	4.84159	-5.86474
15.7	-12.0407	0	0	-1.93883	0	0	1.87954	-6.02033
15.8	-12.2345	0	0	-0.734768	0	0	0.269942	-6.11727
15.9	-12.308	0	0	0.488686	0	0	0.119407	-6.15401
16	-12.2592	0	0	1.71949	0	0	1.47832	-6.12958
16.1	-12.0872	0	0	2.9454	0	0	4.3377	-6.0436
16.2	-11.7927	0	0	4.15412	0	0	8.62837	-5.89633
16.3	-11.3772	0	0	5.33339	0	0	14.2225	-5.68862
16.4	-10.8439	0	0	6.47111	0	0	20.9377	-5.42195
16.5	-10.1968	0	0	7.5555	0	0	28.5428	-5.0984
16.6	-9.44125	0	0	8.57518	0	0	36.7669	-4.72062
16.7	-8.58373	0	0	9.51931	0	0	45.3086	-4.29186
16.8	-7.6318	0	0	10.3777	0	0	53.8481	-3.8159
16.9	-6.59403	0	0	11.1409	0	0	62.0594	-3.29702
17	-5.47994	0	0	11.8003	0	0	69.6231	-2.73997
17.1	-4.29992	0	0	12.3483	0	0	76.2398	-2.14996
17.2	-3.06509	0	0	12.7783	0	0	81.6419	-1.53255
17.3	-1.78727	0	0	13.0848	0	0	85.6055	-0.893633
17.4	-0.47879	0	0	13.2635	0	0	87.96	-0.239395
17.5	0.847558	0	0	13.3114	0	0	88.5962	-0.423779
17.6	2.17869	0	0	13.2266	0	0	87.4716	-1.08935
17.7	3.50136	0	0	13.0087	0	0	84.6137	-1.75068
17.8	4.80223	0	0	12.6586	0	0	80.1201	-2.40112
17.9	6.06809	0	0	12.1784	0	0	74.1565	-3.03405
18	7.28593	0	0	11.5716	0	0	66.9507	-3.64296
18.1	8.44309	0	0	10.843	0	0	58.7851	-4.22154
18.2	9.52738	0	0	9.99867	0	0	49.9867	-4.76369
18.3	10.5273	0	0	9.04593	0	0	40.9145	-5.26363
18.4	11.4318	0	0	7.99321	0	0	31.9457	-5.71592
18.5	12.2312	0	0	6.85002	0	0	23.4614	-6.11558
18.6	12.9162	0	0	5.62691	0	0	15.831	-6.45808
18.7	13.4789	0	0	4.33529	0	0	9.39737	-6.73943
18.8	13.9124	0	0	2.9874	0	0	4.46229	-6.95619
18.9	14.2111	0	0	1.59617	0	0	1.27387	-7.10556
19	14.3707	0	0	0.175053	0	0	0.0153218	-7.18537
19.1	14.3883	0	0	-1.26202	0	0	0.796349	-7.19413
19.2	14.262	0	0	-2.70085	0	0	3.64729	-7.13102
19.3	13.992	0	0	-4.12705	0	0	8.51628	-6.99598
19.4	13.5793	0	0	-5.52625	0	0	15.2697	-6.78963
19.5	13.0266	0	0	-6.88417	0	0	23.6959	-6.51332
19.6	12.3382	0	0	-8.18684	0	0	33.5121	-6.16911
19.7	11.5195	0	0	-9.42066	0	0	44.3744	-5.75977
19.8	10.5775	0	0	-10.5726	0	0	55.8901	-5.28873
19.9	9.52021	0	0	-11.6304	0	0	67.6326	-4.7601
20	8.35717	0	0	-12.5824	0	0	79.1581	-4.17858
20.1	7.09893	0	0	-13.4181	0	0	90.0226	-3.54947
20.2	5.75712	0	0	-14.128	0	0	99.8	-2.87856
20.3	4.34432	0	0	-14.7037	0	0	108.099	-2.17216
20.4	2.87395	0	0	-15.1381	0	0	114.582	-1.43698
20.5	1.36014	0	0	-15.4255	0	0	118.973	-0.68007
20.6	-0.182413	0	0	-15.5615	0	0	121.081	-0.0912066
20.7	-1.73857	0	0	-15.5433	0	0	120.797	-0.869284
20.8	-3.2929	0	0	-15.3694	0	0	118.11	-1.64645
20.9	-4.82984	0	0	-15.0402	0	0	113.103	-2.41492
21	-6.33386	0	0	-14.5572	0	0	105.956	-3.16693
21.1	-7.78957	0	0	-13.9238	0	0	96.9359	-3.89479
21.2	-9.18195	0	0	-13.1448	0	0	86.3932	-4.59098
21.3	-10.4964	0	0	-12.2266	0	0	74.7453	-5.24822
21.4	-11.7191	0	0	-11.177	0	0	62.4625	-5.85955
21.5	-12.8368	0	0	-10.0051	0	0	50.0508	-6.4184
21.6	-13.8373	0	0	-8.7214	0	0	38.0314	-6.91865
21.7	-14.7094	0	0	-7.33767	0	0	26.9207	-7.35472
21.8	-15.4432	0	0	-5.86672	0	0	17.2092	-7.72161
21.9	-16.0299	0	0	-4.3224	0	0	9.34158	-8.01494
22	-16.4621	0	0	-2.71941	0	0	3.69761	-8.23106
22.1	-16.7341	0	0	-1.0732	0	0	0.575881	-8.36703
22.2	-16.8414	0	0	0.600205	0	0	0.180123	-8.42069
22.3	-16.7814	0	0	2.28434	0	0	2.60911	-8.39068
22.4	-16.5529	0	0	3.96248	0	0	7.85063	-8.27647
22.5	-16.1567	0	0	5.61777	0	0	15.7797	-8.07834
22.6	-15.5949	0	0	7.23344	0	0	26.1613	-7.79745
22.7	-14.8716	0	0	8.79293	0	0	38.6578	-7.43578
22.8	-13.9923	0	0	10.2801	0	0	52.8401	-6.99613
22.9	-12.9643	0	0	11.6793	0	0	68.2032	-6.48213
23	-11.7963	0	0	12.9757	0	0	84.1849	-5.89816
23.1	-10.4988	0	0	14.1554	0	0	100.187	-5.24938
23.2	-9.08322	0	0	15.2052	0	0	115.6	-4.54161
23.3	-7.56269	0	0	16.1136	0	0	129.824	-3.78135
23.4	-5.95133	0	0	16.8698	0	0	142.296	-2.97567
23.5	-4.26435	0	0	17.465	0	0	152.513	-2.13218
23.6	-2.51785	0	0	17.8914	0	0	160.051	-1.25893
23.7	-0.728712	0	0	18.1432	0	0	164.588	-0.364356
23.8	1.08561	0	0	18.2161	0	0	165.913	-0.542804
23.9	2.90721	0	0	18.1075	0	0	163.941	-1.45361
24	4.71796	0	0	17.8168	0	0	158.719	-2.35898
24.1	6.49964	0	0	17.345	0	0	150.424	-3.24982
24.2	8.23414	0	0	16.695	0	0	139.362	-4.11707
24.3	9.90364	0	0	15.8716	0	0	125.954	-4.95182
24.4	11.4908	0	0	14.8812	0	0	110.726	-5.7454
24.5	12.9789	0	0	13.7322	0	0	94.2862	-6.48946
24.6	14.3521	0	0	12.4343	0	0	77.3055	-7.17607
24.7	15.5956	0	0	10.9991	0	0	60.4896	-7.79779
24.8	16.6955	0	0	9.4395	0	0	44.5521	-8.34774
24.9	17.6394	0	0	7.76995	0	0	30.1861	-8.81971
25	18.4164	0	0	6.00601	0	0	18.0361	-9.20821
25.1	19.017	0	0	4.16437	0	0	8.67097	-9.50851
25.2	19.4335	0	0	2.26266	0	0	2.55982	-9.71673
25.3	19.6597	0	0	0.319318	0	0	0.0509819	-9.82986
25.4	19.6917	0	0	-1.64665	0	0	1.35574	-9.84583
25.5	19.527	0	0	-3.61582	0	0	6.53708	-9.7635
25.6	19.1654	0	0	-5.56852	0	0	15.5042	-9.58271
25.7	18.6086	0	0	-7.48506	0	0	28.0131	-9.30428
25.8	17.8601	0	0	-9.34592	0	0	43.6731	-8.93003
25.9	16.9255	0	0	-11.1319	0	0	61.9599	-8.46273
26	15.8123	0	0	-12.8245	0	0	82.2335	-7.90613
26.1	14.5298	0	0	-14.4057	0	0	103.762	-7.26491
26.2	13.0893	0	0	-15.8587	0	0	125.749	-6.54463
26.3	11.5034	0	0	-17.1676	0	0	147.363	-5.75169
26.4	9.78662	0	0	-18.3179	0	0	167.773	-4.89331
26.5	7.95483	0	0	-19.2966	0	0	186.179	-3.97742
26.6	6.02517	0	0	-20.0921	0	0	201.846	-3.01259
26.7	4.01596	0	0	-20.6946	0	0	214.133	-2.00798
26.8	1.9465	0	0	-21.0962	0	0	222.525	-0.973251
26.9	-0.163119	0	0	-21.2909	0	0	226.65	-0.0815595
27	-2.2922	0	0	-21.2745	0	0	226.303	-1.1461
27.1	-4.41966	0	0	-21.0453	0	0	221.453	-2.20983
27.2	-6.52419	0	0	-20.6034	0	0	212.249	-3.26209
27.3	-8.58453	0	0	-19.9509	0	0	199.02	-4.29226
27.4	-10.5796	0	0	-19.0925	0	0	182.261	-5.28981
27.5	-12.4889	0	0	-18.0345	0	0	162.622	-6.24443
27.6	-14.2923	0	0	-16.7856	0	0	140.879	-7.14616
27.7	-15.9709	0	0	-15.3564	0	0	117.91	-7.98544
27.8	-17.5065	0	0	-13.7593	0	0	94.6593	-8.75326
27.9	-18.8825	0	0	-12.0087	0	0	72.104	-9.44123
28	-20.0833	0	0	-10.1204	0	0	51.2114	-10.0417
28.1	-21.0954	0	0	-8.11208	0	0	32.9029	-10.5477
28.2	-21.9066	0	0	-6.00255	0	0	18.0153	-10.9533
28.3	-22.5068	0	0	-3.81189	0	0	7.26525	-11.2534
28.4	-22.888	0	0	-1.56121	0	0	1.21868	-11.444
28.5	-23.0441	0	0	0.727593	0	0	0.264696	-11.5221
28.6	-22.9714	0	0	3.03201	0	0	4.59653	-11.4857
28.7	-22.6682	0	0	5.32914	0	0	14.1999	-11.3341
28.8	-22.1353	0	0	7.59596	0	0	28.8493	-11.0676
28.9	-21.3757	0	0	9.80949	0	0	48.113	-10.6878
29	-20.3947	0	0	11.9471	0	0	71.366	-10.1974
29.1	-19.2	0	0	13.9865	0	0	97.8114	-9.6
29.2	-17.8014	0	0	15.9065	0	0	126.509	-8.90068
29.3	-16.2107	0	0	17.6867	0	0	156.409	-8.10535
29.4	-14.442	0	0	19.3077	0	0	186.394	-7.22102
29.5	-12.5113	0	0	20.7519	0	0	215.321	-6.25563
29.6	-10.4361	0	0	22.0031	0	0	242.067	-5.21804
29.7	-8.23576	0	0	23.0467	0	0	265.574	-4.11788
29.8	-5.9311	0	0	23.8702	0	0	284.894	-2.96555
29.9	-3.54407	0	0	24.4634	0	0	299.228	-1.77204
30	-1.09774	0	0	24.8178	0	0	307.961	-0.548869
30.1	1.38404	0	0	24.9275	0	0	310.691	-0.692019
30.2	3.87679	0	0	24.7891	0	0	307.251	-1.9384
30.3	6.35571	0	0	24.4015	0	0	297.715	-3.17785
30.4	8.79585	0	0	23.7659	0	0	282.409	-4.39793
30.5	11.1724	0	0	22.8863	0	0	261.891	-5.58622
30.6	13.4611	0	0	21.7691	0	0	236.946	-6.73053
30.7	15.638	0	0	20.4229	0	0	208.548	-7.81899
30.8	17.6803	0	0	18.8591	0	0	177.834	-8.84013
30.9	19.5662	0	0	17.0911	0	0	146.053	-9.78309
31	21.2753	0	0	15.1345	0	0	114.527	-10.6376
31.1	22.7887	0	0	13.007	0	0	84.5907	-11.3944
31.2	24.0894	0	0	10.7281	0	0	57.5461	-12.0447
31.3	25.1623	0	0	8.31916	0	0	34.6042	-12.5811
31.4	25.9942	0	0	5.80293	0	0	16.837	-12.9971
31.5	26.5745	0	0	3.20351	0	0	5.13125	-13.2872
31.6	26.8948	0	0	0.546067	0	0	0.149094	-13.4474
31.7	26.9494	0	0	-2.14341	0	0	2.29711	-13.4747
31.8	26.7351	0	0	-4.83836	0	0	11.7048	-13.3675
31.9	26.2512	0	0	-7.51186	0	0	28.2141	-13.1256
32	25.5001	0	0	-10.137	0	0	51.3793	-12.75
32.1	24.4864	0	0	-12.687	0	0	80.4799	-12.2432
32.2	23.2177	0	0	-15.1356	0	0	114.544	-11.6088
32.3	21.7041	0	0	-17.4574	0	0	152.38	-10.852
32.4	19.9584	0	0	-19.6278	0	0	192.625	-9.97918
32.5	17.9956	0	0	-21.6236	0	0	233.791	-8.99779
32.6	15.8332	0	0	-23.4232	0	0	274.323	-7.91661
32.7	13.4909	0	0	-25.0065	0	0	312.663	-6.74545
32.8	10.9902	0	0	-26.3556	0	0	347.309	-5.49512
32.9	8.35468	0	0	-27.4546	0	0	376.878	-4.17734
33	5.60921	0	0	-28.2901	0	0	400.165	-2.80461
33.1	2.7802	0	0	-28.851	0	0	416.191	-1.3901
33.2	-0.104897	0	0	-29.129	0	0	424.251	-0.0524487
33.3	-3.0178	0	0	-29.1186	0	0	423.945	-1.5089
33.4	-5.92966	0	0	-28.8168	0	0	415.203	-2.96483
33.5	-8.81133	0	0	-28.2238	0	0	398.292	-4.40567
33.6	-11.6337	0	0	-27.3427	0	0	373.811	-5.81686
33.7	-14.368	0	0	-26.1793	0	0	342.678	-7.18399
33.8	-16.9859	0	0	-24.7425	0	0	306.096	-8.49296
33.9	-19.4602	0	0	-23.0439	0	0	265.511	-9.73008
34	-21.7646	0	0	-21.0979	0	0	222.561	-10.8823
34.1	-23.8743	0	0	-18.9214	0	0	179.01	-11.9372
34.2	-25.7665	0	0	-16.534	0	0	136.687	-12.8832
34.3	-27.4199	0	0	-13.9574	0	0	97.4039	-13.7099
34.4	-28.8156	0	0	-11.2154	0	0	62.8923	-14.4078
34.5	-29.9372	0	0	-8.33381	0	0	34.7262	-14.9686
34.6	-30.7705	0	0	-5.34009	0	0	14.2583	-15.3853
34.7	-31.3046	0	0	-2.26304	0	0	2.56067	-15.6523
34.8	-31.5309	0	0	0.867419	0	0	0.376208	-15.7654
34.9	-31.4441	0	0	4.0205	0	0	8.08223	-15.7221
35	-31.0421	0	0	7.16492	0	0	25.668	-15.521
35.1	-30.3256	0	0	10.2691	0	0	52.7274	-15.1628
35.2	-29.2987	0	0	13.3017	0	0	88.4673	-14.6493
35.3	-27.9685	0	0	16.2315	0	0	131.732	-13.9842
35.4	-26.3453	0	0	19.0284	0	0	181.04	-13.1727
35.5	-24.4425	0	0	21.6629	0	0	234.641	-12.2212
35.6	-22.2762	0	0	24.1072	0	0	290.578	-11.1381
35.7	-19.8655	0	0	26.3348	0	0	346.761	-9.93274
35.8	-17.232	0	0	28.3213	0	0	401.049	-8.616
35.9	-14.3999	0	0	30.0445	0	0	451.337	-7.19994
36	-11.3954	0	0	31.4845	0	0	495.638	-5.69771
36.1	-8.24696	0	0	32.6241	0	0	532.165	-4.12348
36.2	-4.98456	0	0	33.4488	0	0	559.41	-2.49228
36.3	-1.63968	0	0	33.9472	0	0	576.207	-0.81984
36.4	1.75504	0	0	34.1112	0	0	581.787	-0.877522
36.5	5.16616	0	0	33.9357	0	0	575.816	-2.58308
36.6	8.55973	0	0	33.4191	0	0	558.417	-4.27987
36.7	11.9016	0	0	32.5631	0	0	530.178	-5.95082
36.8	15.158	0	0	31.3729	0	0	492.131	-7.57898
36.9	18.2952	0	0	29.8571	0	0	445.724	-9.14762
37	21.281	0	0	28.0276	0	0	392.774	-10.6405
37.1	24.0837	0	0	25.8995	0	0	335.393	-12.0419
37.2	26.6737	0	0	23.4912	0	0	275.917	-13.3368
37.3	29.0228	0	0	20.8238	0	0	216.815	-14.5114
37.4	31.1052	0	0	17.9215	0	0	160.59	-15.5526
37.5	32.8973	0	0	14.811	0	0	109.683	-16.4487
37.6	34.3784	0	0	11.5213	0	0	66.3697	-17.1892
37.7	35.5305	0	0	8.08341	0	0	32.6708	-17.7653
37.8	36.3389	0	0	4.53036	0	0	10.2621	-18.1694
37.9	36.7919	0	0	0.896473	0	0	0.401832	-18.396
38	36.8816	0	0	-2.78272	0	0	3.87176	-18.4408
38.1	36.6033	0	0	-6.47088	0	0	20.9361	-18.3016
38.2	35.9562	0	0	-10.1312	0	0	51.3207	-17.9781
38.3	34.9431	0	0	-13.7268	0	0	94.2129	-17.4715
38.4	33.5704	0	0	-17.2211	0	0	148.284	-16.7852
38.5	31.8483	0	0	-20.5782	0	0	211.731	-15.9241
38.6	29.7905	0	0	-23.763	0	0	282.34	-14.8952
38.7	27.4142	0	0	-26.7421	0	0	357.569	-13.7071
38.8	24.74	0	0	-29.4835	0	0	434.637	-12.37
38.9	21.7916	0	0	-31.9575	0	0	510.64	-10.8958
39	18.5959	0	0	-34.1366	0	0	582.655	-9.29794
39.1	15.1822	0	0	-35.9962	0	0	647.864	-7.59111
39.2	11.5826	0	0	-37.5144	0	0	703.666	-5.79129
39.3	7.83115	0	0	-38.6727	0	0	747.789	-3.91557
39.4	3.96388	0	0	-39.4558	0	0	778.38	-1.98194
39.5	0.0182957	0	0	-39.8522	0	0	794.099	-0.00914784
39.6	-3.96692	0	0	-39.854	0	0	794.172	-1.98346
39.7	-7.95233	0	0	-39.4573	0	0	778.441	-3.97616
39.8	-11.8981	0	0	-38.6621	0	0	747.379	-5.94903
39.9	-15.7643	0	0	-37.4723	0	0	702.086	-7.88213
40	-19.5115	0	0	-35.8959	0	0	644.257	-9.75575
40.1	-23.1011	0	0	-33.9447	0	0	576.122	-11.5505
40.2	-26.4956	0	0	-31.6346	0	0	500.374	-13.2478
40.3	-29.659	0	0	-28.9851	0	0	420.067	-14.8295
40.4	-32.5575	0	0	-26.0192	0	0	338.498	-16.2788
40.5	-35.1594	0	0	-22.7634	0	0	259.086	-17.5797
40.6	-37.4358	0	0	-19.2475	0	0	185.232	-18.7179
40.7	-39.3605	0	0	-15.5039	0	0	120.185	-19.6803
40.8	-40.9109	0	0	-11.5678	0	0	66.9073	-20.4555
40.9	-42.0677	0	0	-7.47673	0	0	27.9508	-21.0338
41	-42.8154	0	0	-3.26996	0	0	5.34633	-21.4077
41.1	-43.1424	0	0	1.01157	0	0	0.51164	-21.5712
41.2	-43.0412	0	0	5.32581	0	0	14.1821	-21.5206
41.3	-42.5086	0	0	9.62993	0	0	46.3678	-21.2543
41.4	-41.5456	0	0	13.8808	0	0	96.3382	-20.7728
41.5	-40.1576	0	0	18.0354	0	0	162.637	-20.0788
41.6	-38.354	0	0	22.0511	0	0	243.126	-19.177
41.7	-36.1489	0	0	25.8865	0	0	335.056	-18.0745
41.8	-33.5603	0	0	29.5014	0	0	435.166	-16.7801
41.9	-30.6101	0	0	32.8574	0	0	539.805	-15.3051
42	-27.3244	0	0	35.9184	0	0	645.067	-13.6622
42.1	-23.7325	0	0	38.6509	0	0	746.945	-11.8663
42.2	-19.8674	0	0	41.0241	0	0	841.49	-9.93372
42.3	-15.765	0	0	43.0109	0	0	924.968	-7.88251
42.4	-11.4639	0	0	44.5874	0	0	994.017	-5.73197
42.5	-7.0052	0	0	45.7338	0	0	1045.79	-3.5026
42.6	-2.43183	0	0	46.4343	0	0	1078.07	-1.21591
42.7	2.2116	0	0	46.6775	0	0	1089.39	-1.1058
42.8	6.87935	0	0	46.4563	0	0	1079.09	-3.43968
42.9	11.525	0	0	45.7684	0	0	1047.37	-5.76249
43	16.1018	0	0	44.6159	0	0	995.288	-8.05091
43.1	20.5634	0	0	43.0057	0	0	924.745	-10.2817
43.2	24.864	0	0	40.9494	0	0	838.425	-12.432
43.3	28.9589	0	0	38.463	0	0	739.7	-14.4795
43.4	32.8052	0	0	35.5671	0	0	632.508	-16.4026
43.5	36.3619	0	0	32.2865	0	0	521.211	-18.181
43.6	39.5906	0	0	28.6504	0	0	410.421	-19.7953
43.7	42.4556	0	0	24.6913	0	0	304.83	-21.2278
43.8	44.9247	0	0	20.4457	0	0	209.014	-22.4624
43.9	46.9693	0	0	15.9533	0	0	127.253	-23.4847
44	48.5646	0	0	11.2563	0	0	63.3525	-24.2823
44.1	49.6903	0	0	6.39987	0	0	20.4792	-24.8451
44.2	50.3303	0	0	1.43084	0	0	1.02365	-25.1651
44.3	50.4733	0	0	-3.60218	0	0	6.48786	-25.2367
44.4	50.1131	0	0	-8.64952	0	0	37.4071	-25.0566
44.5	49.2482	0	0	-13.6608	0	0	93.3091	-24.6241
44.6	47.8821	0	0	-18.5856	0	0	172.713	-23.941
44.7	46.0235	0	0	-23.3739	0	0	273.169	-23.0118
44.8	43.6861	0	0	-27.9762	0	0	391.334	-21.8431
44.9	40.8885	0	0	-32.3448	0	0	523.094	-20.4443
45	37.654	0	0	-36.4337	0	0	663.706	-18.827
45.1	34.0107	0	0	-40.1991	0	0	807.983	-17.0053
45.2	29.9908	0	0	-43.6001	0	0	950.486	-14.9954
45.3	25.6307	0	0	-46.5992	0	0	1085.74	-12.8154
45.4	20.9708	0	0	-49.1623	0	0	1208.47	-10.4854
45.5	16.0546	0	0	-51.2594	0	0	1313.76	-8.0273
45.6	10.9287	0	0	-52.8648	0	0	1397.35	-5.46433
45.7	5.64217	0	0	-53.9577	0	0	1455.72	-2.82109
45.8	0.246402	0	0	-54.5219	0	0	1486.32	-0.123201
45.9	-5.20579	0	0	-54.5466	0	0	1487.66	-2.6029
46	-10.6604	0	0	-54.026	0	0	1459.4	-5.33022
46.1	-16.063	0	0	-52.9599	0	0	1402.38	-8.03152
46.2	-21.359	0	0	-51.3536	0	0	1318.6	-10.6795
46.3	-26.4944	0	0	-49.2177	0	0	1211.19	-13.2472
46.4	-31.4162	0	0	-46.5683	0	0	1084.3	-15.7081
46.5	-36.073	0	0	-43.4267	0	0	942.938	-18.0365
46.6	-40.4157	0	0	-39.8194	0	0	792.791	-20.2078
46.7	-44.3976	0	0	-35.7778	0	0	640.026	-22.1988
46.8	-47.9754	0	0	-31.338	0	0	491.036	-23.9877
46.9	-51.1092	0	0	-26.5405	0	0	352.199	-25.5546
47	-53.7632	0	0	-21.4296	0	0	229.614	-26.8816
47.1	-55.9062	0	0	-16.0533	0	0	128.854	-27.9531
47.2	-57.5115	0	0	-10.4626	0	0	54.7334	-28.7558
47.3	-58.5578	0	0	-4.71149	0	0	11.0991	-29.2789
47.4	-59.0289	0	0	1.14429	0	0	0.654701	-29.5145
47.5	-58.9145	0	0	7.04718	0	0	24.8314	-29.4573
47.6	-58.2098	0	0	12.9386	0	0	83.7042	-29.1049
47.7	-56.9159	0	0	18.7596	0	0	175.962	-28.458
47.8	-55.04	0	0	24.4512	0	0	298.931	-27.52
47.9	-52.5948	0	0	29.9552	0	0	448.657	-26.2974
48	-49.5993	0	0	35.2147	0	0	620.037	-24.7997
48.1	-46.0779	0	0	40.1746	0	0	807	-23.0389
48.2	-42.0604	0	0	44.7824	0	0	1002.73	-21.0302
48.3	-37.5822	0	0	48.9884	0	0	1199.93	-18.7911
48.4	-32.6833	0	0	52.7467	0	0	1391.11	-16.3417
48.5	-27.4086	0	0	56.015	0	0	1568.84	-13.7043
48.6	-21.8071	0	0	58.7559	0	0	1726.13	-10.9036
48.7	-15.9316	0	0	60.9366	0	0	1856.63	-7.96578
48.8	-9.8379	0	0	62.5297	0	0	1954.98	-4.91895
48.9	-3.58493	0	0	63.5135	0	0	2016.98	-1.79246
49	2.76642	0	0	63.872	0	0	2039.82	-1.38321
49.1	9.15363	0	0	63.5954	0	0	2022.19	-4.57681
49.2	15.5132	0	0	62.68	0	0	1964.39	-7.75658
49.3	21.7812	0	0	61.1287	0	0	1868.36	-10.8906
49.4	27.894	0	0	58.9506	0	0	1737.59	-13.947
49.5	33.7891	0	0	56.1612	0	0	1577.04	-16.8945
49.6	39.4052	0	0	52.7823	0	0	1392.98	-19.7026
49.7	44.6834	0	0	48.8417	0	0	1192.76	-22.3417
49.8	49.5676	0	0	44.3734	0	0	984.499	-24.7838
49.9	54.0049	0	0	39.4166	0	0	776.836	-27.0025
50	57.9466	0	0	34.0161	0	0	578.549	-28.9733
50.1	61.3482	0	0	28.2215	0	0	398.226	-30.6741
50.2	64.1704	0	0	22.0867	0	0	243.91	-32.0852
50.3	66.379	0	0	15.6696	0	0	122.769	-33.1895
50.4	67.946	0	0	9.03172	0	0	40.786	-33.973
50.5	68.8492	0	0	2.23712	0	0	2.50235	-34.4246
50.6	69.0729	0	0	-4.6478	0	0	10.801	-34.5364
50.7	68.6081	0	0	-11.5551	0	0	66.76	-34.3041
50.8	67.4526	0	0	-18.4159	0	0	169.573	-33.7263
50.9	65.611	0	0	-25.1612	0	0	316.542	-32.8055
51	63.0949	0	0	-31.7223	0	0	503.151	-31.5474
51.1	59.9227	0	0	-38.0317	0	0	723.207	-29.9613
51.2	56.1195	0	0	-44.024	0	0	969.057	-28.0597
51.3	51.7171	0	0	-49.636	0	0	1231.86	-25.8585
51.4	46.7535	0	0	-54.8077	0	0	1501.94	-23.3767
51.5	41.2727	0	0	-59.483	0	0	1769.11	-20.6364
51.6	35.3244	0	0	-63.6103	0	0	2023.13	-17.6622
51.7	28.9634	0	0	-67.1427	0	0	2254.07	-14.4817
51.8	22.2491	0	0	-70.0391	0	0	2452.74	-11.1246
51.9	15.2452	0	0	-72.264	0	0	2611.04	-7.62261
52	8.01881	0	0	-73.7885	0	0	2722.37	-4.00941
52.1	0.639963	0	0	-74.5904	0	0	2781.86	-0.319982
52.2	-6.81908	0	0	-74.6544	0	0	2786.64	-3.40954
52.3	-14.2845	0	0	-73.9725	0	0	2735.96	-7.14226
52.4	-21.6818	0	0	-72.544	0	0	2631.32	-10.8409
52.5	-28.9362	0	0	-70.3758	0	0	2476.38	-14.4681
52.6	-35.9737	0	0	-67.4822	0	0	2276.93	-17.9869
52.7	-42.722	0	0	-63.8849	0	0	2040.64	-21.361
52.8	-49.1105	0	0	-59.6127	0	0	1776.83	-24.5552
52.9	-55.0717	0	0	-54.7016	0	0	1496.13	-27.5359
53	-60.5419	0	0	-49.1944	0	0	1210.05	-30.2709
53.1	-65.4613	0	0	-43.1403	0	0	930.541	-32.7307
53.2	-69.7754	0	0	-36.5941	0	0	669.565	-34.8877
53.3	-73.4348	0	0	-29.6166	0	0	438.571	-36.7174
53.4	-76.3964	0	0	-22.2731	0	0	248.046	-38.1982
53.5	-78.6237	0	0	-14.6335	0	0	107.069	-39.3119
53.6	-80.0871	0	0	-6.77109	0	0	22.9238	-40.0435
53.7	-80.7642	0	0	1.23762	0	0	0.765847	-40.3821
53.8	-80.6404	0	0	9.31404	0	0	43.3756	-40.3202
53.9	-79.709	0	0	17.3781	0	0	150.999	-39.8545
54	-77.9712	0	0	25.349	0	0	321.285	-38.9856
54.1	-75.4363	0	0	33.1461	0	0	549.332	-37.7182
54.2	-72.1217	0	0	40.6897	0	0	827.827	-36.0609
54.3	-68.0527	0	0	47.9019	0	0	1147.3	-34.0264
54.4	-63.2625	0	0	54.7072	0	0	1496.44	-31.6313
54.5	-57.7918	0	0	61.0334	0	0	1862.54	-28.8959
54.6	-51.6885	0	0	66.8126	0	0	2231.96	-25.8442
54.7	-45.0072	0	0	71.9815	0	0	2590.67	-22.5036
54.8	-37.8091	0	0	76.4822	0	0	2924.76	-18.9045
54.9	-30.1609	0	0	80.2631	0	0	3221.08	-15.0804
55	-22.1345	0	0	83.2792	0	0	3467.71	-11.0673
55.1	-13.8066	0	0	85.4926	0	0	3654.5	-6.90332
55.2	-5.25737	0	0	86.8733	0	0	3773.49	-2.62868
55.3	3.42996	0	0	87.399	0	0	3819.3	-1.71498
55.4	12.1699	0	0	87.056	0	0	3789.38	-6.08493
55.5	20.8755	0	0	85.8391	0	0	3684.17	-10.4377
55.6	29.4594	0	0	83.7515	0	0	3507.16	-14.7297
55.7	37.8345	0	0	80.8056	0	0	3264.77	-18.9173
55.8	45.9151	0	0	77.0221	0	0	2966.2	-22.9575
55.9	53.6173	0	0	72.4306	0	0	2623.1	-26.8086
56	60.8604	0	0	67.0689	0	0	2249.12	-30.4302
56.1	67.5672	0	0	60.9828	0	0	1859.45	-33.7836
56.2	73.6655	0	0	54.2261	0	0	1470.24	-36.8328
56.3	79.0881	0	0	46.8596	0	0	1097.91	-39.5441
56.4	83.7741	0	0	38.9508	0	0	758.581	-41.887
56.5	87.6692	0	0	30.5733	0	0	467.365	-43.8346
56.6	90.7265	0	0	21.8064	0	0	237.76	-45.3633
56.7	92.9071	0	0	12.7338	0	0	81.0745	-46.4536
56.8	94.1805	0	0	3.44306	0	0	5.92733	-47.0903
56.9	94.5248	0	0	-5.97499	0	0	17.8503	-47.2624
57	93.9273	0	0	-15.4275	0	0	119.004	-46.9637
57.1	92.3846	0	0	-24.8202	0	0	308.021	-46.1923
57.2	89.9026	0	0	-34.0587	0	0	579.996	-44.9513
57.3	86.4967	0	0	-43.0489	0	0	926.605	-43.2483
57.4	82.1918	0	0	-51.6986	0	0	1336.37	-41.0959
57.5	77.0219	0	0	-59.9178	0	0	1795.07	-38.511
57.6	71.0302	0	0	-67.62	0	0	2286.23	-35.5151
57.7	64.2682	0	0	-74.723	0	0	2791.76	-32.1341
57.8	56.7959	0	0	-81.1498	0	0	3292.65	-28.3979
57.9	48.6809	0	0	-86.8294	0	0	3769.67	-24.3404
58	39.998	0	0	-91.6975	0	0	4204.21	-19.999
58.1	30.8282	0	0	-95.6973	0	0	4578.98	-15.4141
58.2	21.2585	0	0	-98.7801	0	0	4878.75	-10.6292
58.3	11.3805	0	0	-100.906	0	0	5091	-5.69023
58.4	1.28987	0	0	-102.044	0	0	5206.49	-0.644937
58.5	-8.91453	0	0	-102.173	0	0	5219.66	-4.45726
58.6	-19.1318	0	0	-101.282	0	0	5128.97	-9.56591
58.7	-29.26	0	0	-99.3683	0	0	4937.03	-14.63
58.8	-39.1968	0	0	-96.4423	0	0	4650.56	-19.5984
58.9	-48.841	0	0	-92.5227	0	0	4280.22	-24.4205
59	-58.0933	0	0	-87.6386	0	0	3840.26	-29.0467
59.1	-66.8572	0	0	-81.8292	0	0	3348.01	-33.4286
59.2	-75.0401	0	0	-75.1435	0	0	2823.27	-37.52
59.3	-82.5544	0	0	-67.6395	0	0	2287.55	-41.2772
59.4	-89.3184	0	0	-59.3841	0	0	1763.23	-44.6592
59.5	-95.2568	0	0	-50.4522	0	0	1272.71	-47.6284
59.6	-100.302	0	0	-40.9265	0	0	837.491	-50.151
59.7	-104.395	0	0	-30.8963	0	0	477.292	-52.1973
59.8	-107.484	0	0	-20.4569	0	0	209.242	-53.7422
59.9	-109.53	0	0	-9.70844	0	0	47.1269	-54.765
60	-110.501	0	0	1.24456	0	0	0.774465	-55.2504
60.1	-110.376	0	0	12.2946	0	0	75.5791	-55.1882
60.2	-109.147	0	0	23.3323	0	0	272.198	-54.5735
60.3	-106.814	0	0	34.247	0	0	586.428	-53.4068
60.4	-103.389	0	0	44.9283	0	0	1009.28	-51.6945
60.5	-98.8962	0	0	55.2672	0	0	1527.23	-49.4481
60.6	-93.3694	0	0	65.1569	0	0	2122.71	-46.6847
60.7	-86.8537	0	0	74.4938	0	0	2774.66	-43.4269
60.8	-79.4044	0	0	83.1792	0	0	3459.39	-39.7022
60.9	-71.0865	0	0	91.1196	0	0	4151.39	-35.5432
61	-61.9745	0	0	98.2283	0	0	4824.4	-30.9872
61.1	-52.1517	0	0	104.426	0	0	5452.36	-26.0758
61.2	-41.7091	0	0	109.641	0	0	6010.56	-20.8545
61.3	-30.745	0	0	113.812	0	0	6476.56	-15.3725
61.4	-19.3638	0	0	116.886	0	0	6831.2	-9.68191
61.5	-7.6752	0	0	118.823	0	0	7059.41	-3.8376
61.6	4.20707	0	0	119.59	0	0	7150.91	-2.10353
61.7	16.1661	0	0	119.169	0	0	7100.68	-8.08304
61.8	28.083	0	0	117.553	0	0	6909.34	-14.0415
61.9	39.8383	0	0	114.745	0	0	6583.16	-19.9192
62	51.3128	0	0	110.761	0	0	6133.97	-25.6564
62.1	62.3889	0	0	105.629	0	0	5578.79	-31.1944
62.2	72.9518	0	0	99.3906	0	0	4939.24	-36.4759
62.3	82.8909	0	0	92.0954	0	0	4240.78	-41.4454
62.4	92.1004	0	0	83.8063	0	0	3511.75	-46.0502
62.5	100.481	0	0	74.5963	0	0	2782.3	-50.2405
62.6	107.941	0	0	64.5482	0	0	2083.23	-53.9703
62.7	114.395	0	0	53.7541	0	0	1444.75	-57.1977
62.8	119.771	0	0	42.3146	0	0	895.261	-59.8854
62.9	124.002	0	0	30.3375	0	0	460.181	-62.0012
63	127.036	0	0	17.9372	0	0	160.872	-63.518
63.1	128.83	0	0	5.23362	0	0	13.6954	-64.4149
63.2	129.353	0	0	-7.64936	0	0	29.2563	-64.6766
63.3	128.588	0	0	-20.5847	0	0	211.864	-64.2941
63.4	126.53	0	0	-33.4435	0	0	559.234	-63.2649
63.5	123.185	0	0	-46.0965	0	0	1062.44	-61.5927
63.6	118.576	0	0	-58.415	0	0	1706.16	-59.2879
63.7	112.734	0	0	-70.2726	0	0	2469.12	-56.3671
63.8	105.707	0	0	-81.546	0	0	3324.88	-52.8535
63.9	97.5524	0	0	-92.1167	0	0	4242.74	-48.7762
64	88.3407	0	0	-101.872	0	0	5188.95	-44.1704
64.1	78.1535	0	0	-110.706	0	0	6127.91	-39.0768
64.2	67.0829	0	0	-118.521	0	0	7023.66	-33.5415
64.3	55.2308	0	0	-125.23	0	0	7841.24	-27.6154
64.4	42.7078	0	0	-130.753	0	0	8548.14	-21.3539
64.5	29.6326	0	0	-135.024	0	0	9115.68	-14.8163
64.6	16.1302	0	0	-137.987	0	0	9520.18	-8.0651
64.7	2.33152	0	0	-139.6	0	0	9744.05	-1.16576
64.8	-11.6285	0	0	-139.833	0	0	9776.63	-5.81423
64.9	-25.6118	0	0	-138.67	0	0	9614.7	-12.8059
65	-39.4788	0	0	-136.109	0	0	9262.82	-19.7394
65.1	-53.0897	0	0	-132.161	0	0	8733.27	-26.5448
65.2	-66.3058	0	0	-126.852	0	0	8045.73	-33.1529
65.3	-78.991	0	0	-120.222	0	0	7226.61	-39.4955
65.4	-91.0131	0	0	-112.322	0	0	6308.16	-45.5066
65.5	-102.245	0	0	-103.221	0	0	5327.3	-51.1227
65.6	-112.567	0	0	-92.9966	0	0	4324.18	-56.2837
65.7	-121.867	0	0	-81.7398	0	0	3340.7	-60.9336
65.8	-130.041	0	0	-69.5531	0	0	2418.82	-65.0206
65.9	-136.996	0	0	-56.549	0	0	1598.89	-68.4982
66	-142.651	0	0	-42.8494	0	0	918.034	-71.3257
66.1	-146.936	0	0	-28.5842	0	0	408.529	-73.4681
66.2	-149.795	0	0	-13.8906	0	0	96.4743	-74.8973
66.3	-151.184	0	0	1.08888	0	0	0.592828	-75.5919
66.4	-151.075	0	0	16.2073	0	0	131.338	-75.5374
66.5	-149.454	0	0	31.3147	0	0	490.306	-74.7271
66.6	-146.323	0	0	46.2602	0	0	1070	-73.1613
66.7	-141.697	0	0	60.8924	0	0	1853.94	-70.8483
66.8	-135.607	0	0	75.0621	0	0	2817.16	-67.8037
66.9	-128.101	0	0	88.6228	0	0	3927	-64.0506
67	-119.239	0	0	101.433	0	0	5144.32	-59.6195
67.1	-109.096	0	0	113.357	0	0	6424.89	-54.5478
67.2	-97.7599	0	0	124.266	0	0	7721.07	-48.88
67.3	-85.3333	0	0	134.042	0	0	8983.68	-42.6667
67.4	-71.9291	0	0	142.576	0	0	10163.9	-35.9645
67.5	-57.6715	0	0	149.769	0	0	11215.3	-28.8357
67.6	-42.6946	0	0	155.536	0	0	12095.7	-21.3473
67.7	-27.141	0	0	159.805	0	0	12768.9	-13.5705
67.8	-11.1605	0	0	162.519	0	0	13206.3	-5.58026
67.9	5.09141	0	0	163.635	0	0	13388.3	-2.54571
68	21.455	0	0	163.126	0	0	13305.1	-10.7275
68.1	37.7676	0	0	160.981	0	0	12957.4	-18.8838
68.2	53.8657	0	0	157.204	0	0	12356.5	-26.9328
68.3	69.5861	0	0	151.817	0	0	11524.3	-34.793
68.4	84.7678	0	0	144.859	0	0	10492	-42.3839
68.5	99.2537	0	0	136.382	0	0	9300.03	-49.6268
68.6	112.892	0	0	126.457	0	0	7995.65	-56.4459
68.7	125.538	0	0	115.167	0	0	6631.78	-62.7688
68.8	137.054	0	0	102.614	0	0	5264.79	-68.5272
68.9	147.316	0	0	88.9083	0	0	3952.34	-73.6578
69	156.207	0	0	74.1767	0	0	2751.09	-78.1033
69.1	163.624	0	0	58.5561	0	0	1714.41	-81.8121
69.2	169.48	0	0	42.1937	0	0	890.153	-84.7399
69.3	173.699	0	0	25.2457	0	0	318.673	-86.8496
69.4	176.224	0	0	7.87578	0	0	31.0139	-88.1119
69.5	177.011	0	0	-9.7466	0	0	47.4981	-88.5057
69.6	176.037	0	0	-27.4477	0	0	376.689	-88.0183
69.7	173.292	0	0	-45.0514	0	0	1014.81	-86.6459
69.8	168.787	0	0	-62.3806	0	0	1945.67	-84.3934
69.9	162.549	0	0	-79.2593	0	0	3141.01	-81.2743
