0	5.61231	0	0	0	0	0	0	-2.80616
0.05	5.61231	0	0	0	0	0	0	-2.80616
0.1	5.61231	0	0	-0.280616	0	0	0.0393725	-2.80616
0.15	5.59828	0	0	-0.558425	0	0	0.155919	-2.79914
0.2	5.57036	0	0	-0.832755	0	0	0.34674	-2.78518
0.25	5.52872	0	0	-1.10294	0	0	0.608244	-2.76436
0.3	5.47357	0	0	-1.36835	0	0	0.936193	-2.73679
0.35	5.40516	0	0	-1.62835	0	0	1.32576	-2.70258
0.4	5.32374	0	0	-1.88232	0	0	1.77157	-2.66187
0.45	5.22962	0	0	-2.12968	0	0	2.26778	-2.61481
0.5	5.12314	0	0	-2.36987	0	0	2.80814	-2.56157
0.55	5.00464	0	0	-2.60233	0	0	3.38605	-2.50232
0.6	4.87453	0	0	-2.82654	0	0	3.99465	-2.43726
0.65	4.7332	0	0	-3.042	0	0	4.62687	-2.3666
0.7	4.5811	0	0	-3.24824	0	0	5.27552	-2.29055
0.75	4.41869	0	0	-3.44481	0	0	5.93336	-2.20934
0.8	4.24645	0	0	-3.6313	0	0	6.59316	-2.12322
0.85	4.06488	0	0	-3.80731	0	0	7.24779	-2.03244
0.9	3.87452	0	0	-3.97248	0	0	7.89029	-1.93726
0.95	3.6759	0	0	-4.12648	0	0	8.51391	-1.83795
1	3.46957	0	0	-4.26901	0	0	9.11222	-1.73479
1.05	3.25612	0	0	-4.3998	0	0	9.67911	-1.62806
1.1	3.03613	0	0	-4.5186	0	0	10.2089	-1.51807
1.15	2.8102	0	0	-4.62523	0	0	10.6964	-1.4051
1.2	2.57894	0	0	-4.71948	0	0	11.1368	-1.28947
1.25	2.34297	0	0	-4.80124	0	0	11.5259	-1.17148
1.3	2.1029	0	0	-4.87037	0	0	11.8603	-1.05145
1.35	1.85939	0	0	-4.92681	0	0	12.1367	-0.929693
1.4	1.61304	0	0	-4.97051	0	0	12.353	-0.806522
1.45	1.36452	0	0	-5.00146	0	0	12.5073	-0.682259
1.5	1.11445	0	0	-5.01967	0	0	12.5986	-0.557223
1.55	0.863462	0	0	-5.0252	0	0	12.6263	-0.431731
1.6	0.612202	0	0	-5.01812	0	0	12.5908	-0.306101
1.65	0.361296	0	0	-4.99855	0	0	12.4927	-0.180648
1.7	0.111369	0	0	-4.96663	0	0	12.3337	-0.0556845
1.75	-0.136962	0	0	-4.92253	0	0	12.1156	-0.0684812
1.8	-0.383089	0	0	-4.86646	0	0	11.8412	-0.191544
1.85	-0.626412	0	0	-4.79864	0	0	11.5135	-0.313206
1.9	-0.866344	0	0	-4.71933	0	0	11.136	-0.433172
1.95	-1.10231	0	0	-4.62882	0	0	10.713	-0.551155
2	-1.33375	0	0	-4.52742	0	0	10.2487	-0.666875
2.05	-1.56012	0	0	-4.41545	0	0	9.74812	-0.780061
2.1	-1.78089	0	0	-4.29329	0	0	9.21618	-0.890447
2.15	-1.99556	0	0	-4.16132	0	0	8.65827	-0.99778
2.2	-2.20362	0	0	-4.01992	0	0	8.0799	-1.10181
2.25	-2.40462	0	0	-3.86954	0	0	7.48669	-1.20231
2.3	-2.5981	0	0	-3.71062	0	0	6.88434	-1.29905
2.35	-2.78363	0	0	-3.54361	0	0	6.27857	-1.39181
2.4	-2.96081	0	0	-3.36899	0	0	5.67504	-1.4804
2.45	-3.12926	0	0	-3.18726	0	0	5.07931	-1.56463
2.5	-3.28862	0	0	-2.99892	0	0	4.49677	-1.64431
2.55	-3.43857	0	0	-2.8045	0	0	3.93262	-1.71928
2.6	-3.57879	0	0	-2.60453	0	0	3.39179	-1.7894
2.65	-3.70902	0	0	-2.39954	0	0	2.87891	-1.85451
2.7	-3.829	0	0	-2.1901	0	0	2.39826	-1.9145
2.75	-3.9385	0	0	-1.97675	0	0	1.95376	-1.96925
2.8	-4.03734	0	0	-1.76005	0	0	1.5489	-2.01867
2.85	-4.12534	0	0	-1.54059	0	0	1.1867	-2.06267
2.9	-4.20237	0	0	-1.31891	0	0	0.869767	-2.10119
2.95	-4.26832	0	0	-1.09561	0	0	0.600177	-2.13416
3	-4.3231	0	0	-0.871234	0	0	0.379525	-2.16155
3.05	-4.36666	0	0	-0.646367	0	0	0.208895	-2.18333
3.1	-4.39898	0	0	-0.421571	0	0	0.0888609	-2.19949
3.15	-4.42006	0	0	-0.197406	0	0	0.0194846	-2.21003
3.2	-4.42993	0	0	0.0255708	0	0	0.000326933	-2.21496
3.25	-4.42865	0	0	0.246811	0	0	0.0304579	-2.21432
3.3	-4.41631	0	0	0.465776	0	0	0.108473	-2.20815
3.35	-4.39302	0	0	0.681933	0	0	0.232516	-2.19651
3.4	-4.35892	0	0	0.894765	0	0	0.400302	-2.17946
3.45	-4.31418	0	0	1.10376	0	0	0.609147	-2.15709
3.5	-4.259	0	0	1.30843	0	0	0.856001	-2.1295
3.55	-4.19357	0	0	1.5083	0	0	1.13748	-2.09679
3.6	-4.11816	0	0	1.7029	0	0	1.44993	-2.05908
3.65	-4.03301	0	0	1.89177	0	0	1.78941	-2.01651
3.7	-3.93842	0	0	2.07451	0	0	2.15179	-1.96921
3.75	-3.8347	0	0	2.25068	0	0	2.53279	-1.91735
3.8	-3.72217	0	0	2.41991	0	0	2.92799	-1.86108
3.85	-3.60117	0	0	2.58182	0	0	3.3329	-1.80058
3.9	-3.47208	0	0	2.73606	0	0	3.74302	-1.73604
3.95	-3.33528	0	0	2.8823	0	0	4.15384	-1.66764
4	-3.19116	0	0	3.02025	0	0	4.56094	-1.59558
4.05	-3.04015	0	0	3.1496	0	0	4.95999	-1.52007
4.1	-2.88267	0	0	3.27011	0	0	5.34682	-1.44133
4.15	-2.71916	0	0	3.38154	0	0	5.71742	-1.35958
4.2	-2.55009	0	0	3.48369	0	0	6.06804	-1.27504
4.25	-2.3759	0	0	3.57635	0	0	6.39516	-1.18795
4.3	-2.19708	0	0	3.65939	0	0	6.69555	-1.09854
4.35	-2.01411	0	0	3.73265	0	0	6.96633	-1.00706
4.4	-1.82748	0	0	3.79603	0	0	7.20491	-0.913741
4.45	-1.63768	0	0	3.84944	0	0	7.40909	-0.81884
4.5	-1.44521	0	0	3.89283	0	0	7.57706	-0.722604
4.55	-1.25057	0	0	3.92616	0	0	7.70737	-0.625283
4.6	-1.05426	0	0	3.94943	0	0	7.79899	-0.527129
4.65	-0.856787	0	0	3.96265	0	0	7.85128	-0.428394
4.7	-0.658655	0	0	3.96586	0	0	7.86402	-0.329327
4.75	-0.460362	0	0	3.95913	0	0	7.83737	-0.230181
4.8	-0.262405	0	0	3.94256	0	0	7.77189	-0.131203
4.85	-0.0652771	0	0	3.91626	0	0	7.66853	-0.0326386
4.9	0.130536	0	0	3.88036	0	0	7.52858	-0.0652678
4.95	0.324553	0	0	3.83503	0	0	7.35371	-0.162277
5	0.516305	0	0	3.78045	0	0	7.14589	-0.258152
5.05	0.705327	0	0	3.71683	0	0	6.90741	-0.352664
5.1	0.891169	0	0	3.64439	0	0	6.6408	-0.445584
5.15	1.07339	0	0	3.56339	0	0	6.34888	-0.536694
5.2	1.25156	0	0	3.47409	0	0	6.03464	-0.625779
5.25	1.42526	0	0	3.37677	0	0	5.70129	-0.712631
5.3	1.5941	0	0	3.27174	0	0	5.35214	-0.79705
5.35	1.75769	0	0	3.15932	0	0	4.99064	-0.878844
5.4	1.91565	0	0	3.03984	0	0	4.62031	-0.957827
5.45	2.06765	0	0	2.91366	0	0	4.2447	-1.03382
5.5	2.21333	0	0	2.78114	0	0	3.86737	-1.10666
5.55	2.35239	0	0	2.64266	0	0	3.49183	-1.17619
5.6	2.48452	0	0	2.49862	0	0	3.12154	-1.24226
5.65	2.60945	0	0	2.3494	0	0	2.75985	-1.30472
5.7	2.72692	0	0	2.19544	0	0	2.40997	-1.36346
5.75	2.83669	0	0	2.03714	0	0	2.07496	-1.41835
5.8	2.93855	0	0	1.87493	0	0	1.75768	-1.46927
5.85	3.03229	0	0	1.70925	0	0	1.46077	-1.51615
5.9	3.11776	0	0	1.54055	0	0	1.18664	-1.55888
5.95	3.19478	0	0	1.36925	0	0	0.937427	-1.59739
6	3.26325	0	0	1.19582	0	0	0.714994	-1.63162
6.05	3.32304	0	0	1.0207	0	0	0.520915	-1.66152
6.1	3.37407	0	0	0.844342	0	0	0.356457	-1.68704
6.15	3.41629	0	0	0.667195	0	0	0.222574	-1.70815
6.2	3.44965	0	0	0.489708	0	0	0.119907	-1.72482
6.25	3.47414	0	0	0.312329	0	0	0.0487746	-1.73707
6.3	3.48975	0	0	0.135499	0	0	0.00917994	-1.74488
6.35	3.49653	0	0	-0.0403439	0	0	0.000813817	-1.74826
6.4	3.49451	0	0	-0.214767	0	0	0.0230624	-1.74725
6.45	3.48377	0	0	-0.387345	0	0	0.0750179	-1.74189
6.5	3.4644	0	0	-0.55766	0	0	0.155492	-1.7322
6.55	3.43652	0	0	-0.725303	0	0	0.263032	-1.71826
6.6	3.40026	0	0	-0.889876	0	0	0.39594	-1.70013
6.65	3.35576	0	0	-1.05099	0	0	0.55229	-1.67788
6.7	3.30321	0	0	-1.20827	0	0	0.729956	-1.65161
6.75	3.2428	0	0	-1.36135	0	0	0.926632	-1.6214
6.8	3.17473	0	0	-1.50987	0	0	1.13986	-1.58737
6.85	3.09924	0	0	-1.65351	0	0	1.36705	-1.54962
6.9	3.01656	0	0	-1.79194	0	0	1.60552	-1.50828
6.95	2.92697	0	0	-1.92485	0	0	1.85252	-1.46348
7	2.83072	0	0	-2.05195	0	0	2.10524	-1.41536
7.05	2.72813	0	0	-2.17296	0	0	2.36088	-1.36406
7.1	2.61948	0	0	-2.28764	0	0	2.61665	-1.30974
7.15	2.5051	0	0	-2.39574	0	0	2.86978	-1.25255
7.2	2.38531	0	0	-2.49703	0	0	3.11759	-1.19265
7.25	2.26046	0	0	-2.59133	0	0	3.35749	-1.13023
7.3	2.13089	0	0	-2.67844	0	0	3.58702	-1.06545
7.35	1.99697	0	0	-2.7582	0	0	3.80383	-0.998484
7.4	1.85906	0	0	-2.83047	0	0	4.00577	-0.929529
7.45	1.71754	0	0	-2.89511	0	0	4.19084	-0.858768
7.5	1.57278	0	0	-2.95204	0	0	4.35727	-0.78639
7.55	1.42518	0	0	-3.00116	0	0	4.50348	-0.712589
7.6	1.27512	0	0	-3.04241	0	0	4.62812	-0.63756
7.65	1.123	0	0	-3.07574	0	0	4.73008	-0.5615
7.7	0.969213	0	0	-3.10113	0	0	4.8085	-0.484606
7.75	0.814156	0	0	-3.11858	0	0	4.86277	-0.407078
7.8	0.658227	0	0	-3.1281	0	0	4.89251	-0.329114
7.85	0.501822	0	0	-3.12973	0	0	4.89761	-0.250911
7.9	0.345336	0	0	-3.12353	0	0	4.87821	-0.172668
7.95	0.189159	0	0	-3.10956	0	0	4.83467	-0.0945797
8	0.0336815	0	0	-3.08792	0	0	4.76762	-0.0168408
8.05	-0.120714	0	0	-3.05872	0	0	4.6779	-0.0603572
8.1	-0.273651	0	0	-3.0221	0	0	4.56655	-0.136825
8.15	-0.424756	0	0	-2.9782	0	0	4.43483	-0.212378
8.2	-0.573666	0	0	-2.92718	0	0	4.28419	-0.286833
8.25	-0.720025	0	0	-2.86922	0	0	4.11622	-0.360012
8.3	-0.863486	0	0	-2.80453	0	0	3.93269	-0.431743
8.35	-1.00371	0	0	-2.73331	0	0	3.73549	-0.501856
8.4	-1.14038	0	0	-2.65579	0	0	3.52661	-0.570189
8.45	-1.27317	0	0	-2.57221	0	0	3.30814	-0.636584
8.5	-1.40178	0	0	-2.48283	0	0	3.08223	-0.700889
8.55	-1.52592	0	0	-2.38792	0	0	2.85107	-0.76296
8.6	-1.64532	0	0	-2.28774	0	0	2.61688	-0.822658
8.65	-1.7597	0	0	-2.1826	0	0	2.38187	-0.879851
8.7	-1.86883	0	0	-2.07279	0	0	2.14822	-0.934416
8.75	-1.97247	0	0	-1.95862	0	0	1.91809	-0.986236
8.8	-2.0704	0	0	-1.84041	0	0	1.69355	-1.0352
8.85	-2.16242	0	0	-1.71848	0	0	1.47659	-1.08121
8.9	-2.24835	0	0	-1.59318	0	0	1.26911	-1.12417
8.95	-2.32801	0	0	-1.46483	0	0	1.07286	-1.164
9	-2.40125	0	0	-1.33378	0	0	0.889485	-1.20062
9.05	-2.46794	0	0	-1.20038	0	0	0.720456	-1.23397
9.1	-2.52796	0	0	-1.06498	0	0	0.56709	-1.26398
9.15	-2.5812	0	0	-0.927932	0	0	0.430529	-1.2906
9.2	-2.6276	0	0	-0.789592	0	0	0.311728	-1.3138
9.25	-2.66708	0	0	-0.650316	0	0	0.211456	-1.33354
9.3	-2.6996	0	0	-0.510459	0	0	0.130284	-1.3498
9.35	-2.72512	0	0	-0.370375	0	0	0.0685886	-1.36256
9.4	-2.74364	0	0	-0.230415	0	0	0.0265455	-1.37182
9.45	-2.75516	0	0	-0.0909287	0	0	0.00413402	-1.37758
9.5	-2.75971	0	0	0.0477385	0	0	0.00113948	-1.37985
9.55	-2.75732	0	0	0.185246	0	0	0.0171581	-1.37866
9.6	-2.74806	0	0	0.32126	0	0	0.051604	-1.37403
9.65	-2.73199	0	0	0.45545	0	0	0.103717	-1.366
9.7	-2.70922	0	0	0.587495	0	0	0.172575	-1.35461
9.75	-2.67985	0	0	0.717081	0	0	0.257103	-1.33992
9.8	-2.64399	0	0	0.843903	0	0	0.356086	-1.322
9.85	-2.6018	0	0	0.967663	0	0	0.468186	-1.3009
9.9	-2.55341	0	0	1.08808	0	0	0.591955	-1.27671
9.95	-2.49901	0	0	1.20487	0	0	0.725852	-1.2495
10	-2.43877	0	0	1.31777	0	0	0.868257	-1.21938
10.05	-2.37288	0	0	1.42653	0	0	1.01749	-1.18644
10.1	-2.30155	0	0	1.53091	0	0	1.17184	-1.15078
10.15	-2.22501	0	0	1.63068	0	0	1.32955	-1.1125
10.2	-2.14347	0	0	1.72562	0	0	1.48888	-1.07174
10.25	-2.05719	0	0	1.81554	0	0	1.64809	-1.0286
10.3	-1.96641	0	0	1.90024	0	0	1.80546	-0.983207
10.35	-1.8714	0	0	1.97956	0	0	1.95933	-0.935701
10.4	-1.77242	0	0	2.05333	0	0	2.10809	-0.886212
10.45	-1.66976	0	0	2.12142	0	0	2.25022	-0.834879
10.5	-1.56369	0	0	2.1837	0	0	2.38426	-0.781843
10.55	-1.4545	0	0	2.24004	0	0	2.5089	-0.727251
10.6	-1.3425	0	0	2.29037	0	0	2.62289	-0.67125
10.65	-1.22798	0	0	2.33459	0	0	2.72515	-0.613991
10.7	-1.11125	0	0	2.37264	0	0	2.81472	-0.555626
10.75	-0.99262	0	0	2.40448	0	0	2.89076	-0.49631
10.8	-0.872396	0	0	2.43006	0	0	2.95261	-0.436198
10.85	-0.750893	0	0	2.44938	0	0	2.99974	-0.375446
10.9	-0.628424	0	0	2.46243	0	0	3.03179	-0.314212
10.95	-0.505302	0	0	2.46923	0	0	3.04855	-0.252651
11	-0.38184	0	0	2.4698	0	0	3.04997	-0.19092
11.05	-0.25835	0	0	2.4642	0	0	3.03614	-0.129175
11.1	-0.13514	0	0	2.45247	0	0	3.00731	-0.0675701
11.15	-0.0125164	0	0	2.43471	0	0	2.9639	-0.00625822
11.2	0.109219	0	0	2.41098	0	0	2.90642	-0.0546094
11.25	0.229768	0	0	2.38141	0	0	2.83557	-0.114884
11.3	0.348839	0	0	2.34611	0	0	2.75212	-0.174419
11.35	0.466144	0	0	2.30521	0	0	2.65699	-0.233072
11.4	0.581405	0	0	2.25885	0	0	2.5512	-0.290702
11.45	0.694347	0	0	2.20719	0	0	2.43584	-0.347174
11.5	0.804707	0	0	2.1504	0	0	2.31211	-0.402353
11.55	0.912227	0	0	2.08866	0	0	2.18125	-0.456113
11.6	1.01666	0	0	2.02216	0	0	2.04457	-0.50833
11.65	1.11777	0	0	1.95111	0	0	1.90341	-0.558884
11.7	1.21532	0	0	1.87571	0	0	1.75914	-0.607662
11.75	1.30911	0	0	1.79619	0	0	1.61314	-0.654555
11.8	1.39892	0	0	1.71277	0	0	1.46679	-0.699459
11.85	1.48456	0	0	1.6257	0	0	1.32144	-0.742278
11.9	1.56584	0	0	1.53521	0	0	1.17844	-0.782921
11.95	1.6426	0	0	1.44157	0	0	1.03906	-0.821301
12	1.71468	0	0	1.34502	0	0	0.90454	-0.85734
12.05	1.78193	0	0	1.24584	0	0	0.776054	-0.890966
12.1	1.84422	0	0	1.14428	0	0	0.65469	-0.922112
12.15	1.90144	0	0	1.04063	0	0	0.541453	-0.950719
12.2	1.95347	0	0	0.935149	0	0	0.437252	-0.976734
12.25	2.00023	0	0	0.828124	0	0	0.342895	-1.00011
12.3	2.04163	0	0	0.719832	0	0	0.259079	-1.02082
12.35	2.07762	0	0	0.610552	0	0	0.186387	-1.03881
12.4	2.10815	0	0	0.500565	0	0	0.125283	-1.05408
12.45	2.13318	0	0	0.390152	0	0	0.0761093	-1.06659
12.5	2.15269	0	0	0.279592	0	0	0.0390857	-1.07634
12.55	2.16667	0	0	0.169161	0	0	0.0143078	-1.08333
12.6	2.17513	0	0	0.0591363	0	0	0.00174855	-1.08756
12.65	2.17808	0	0	-0.0502114	0	0	0.00126059	-1.08904
12.7	2.17557	0	0	-0.158613	0	0	0.0125791	-1.08779
12.75	2.16764	0	0	-0.265806	0	0	0.0353264	-1.08382
12.8	2.15435	0	0	-0.37153	0	0	0.0690172	-1.07718
12.85	2.13577	0	0	-0.475532	0	0	0.113065	-1.06789
12.9	2.112	0	0	-0.577565	0	0	0.166791	-1.056
12.95	2.08312	0	0	-0.67739	0	0	0.229428	-1.04156
13	2.04925	0	0	-0.774772	0	0	0.300136	-1.02462
13.05	2.01051	0	0	-0.869486	0	0	0.378003	-1.00526
13.1	1.96704	0	0	-0.961317	0	0	0.462065	-0.983518
13.15	1.91897	0	0	-1.05006	0	0	0.551309	-0.959485
13.2	1.86647	0	0	-1.1355	0	0	0.644684	-0.933234
13.25	1.80969	0	0	-1.21747	0	0	0.741119	-0.904846
13.3	1.74882	0	0	-1.29578	0	0	0.839525	-0.87441
13.35	1.68403	0	0	-1.37027	0	0	0.938813	-0.842015
13.4	1.61552	0	0	-1.44076	0	0	1.0379	-0.807758
13.45	1.54348	0	0	-1.50713	0	0	1.13572	-0.771739
13.5	1.46812	0	0	-1.56923	0	0	1.23125	-0.734061
13.55	1.38966	0	0	-1.62695	0	0	1.32348	-0.69483
13.6	1.30831	0	0	-1.68016	0	0	1.41147	-0.654156
13.65	1.2243	0	0	-1.72878	0	0	1.49433	-0.612152
13.7	1.13787	0	0	-1.7727	0	0	1.57124	-0.568933
13.75	1.04923	0	0	-1.81187	0	0	1.64144	-0.524615
13.8	0.958637	0	0	-1.84621	0	0	1.70425	-0.479319
13.85	0.866327	0	0	-1.87568	0	0	1.75909	-0.433163
13.9	0.772543	0	0	-1.90024	0	0	1.80546	-0.386271
13.95	0.67753	0	0	-1.91987	0	0	1.84294	-0.338765
14	0.581537	0	0	-1.93454	0	0	1.87123	-0.290769
14.05	0.48481	0	0	-1.94428	0	0	1.8901	-0.242405
14.1	0.387596	0	0	-1.94907	0	0	1.89944	-0.193798
14.15	0.290142	0	0	-1.94896	0	0	1.89923	-0.145071
14.2	0.192694	0	0	-1.94398	0	0	1.88953	-0.0963471
14.25	0.0954953	0	0	-1.93418	0	0	1.87052	-0.0477476
14.3	-0.00121349	0	0	-1.91961	0	0	1.84245	-0.000606745
14.35	-0.0971939	0	0	-1.90035	0	0	1.80567	-0.0485969
14.4	-0.192211	0	0	-1.87649	0	0	1.7606	-0.0961057
14.45	-0.286036	0	0	-1.84811	0	0	1.70776	-0.143018
14.5	-0.378442	0	0	-1.81533	0	0	1.64771	-0.189221
14.55	-0.469208	0	0	-1.77825	0	0	1.58109	-0.234604
14.6	-0.558121	0	0	-1.73701	0	0	1.5086	-0.27906
14.65	-0.644971	0	0	-1.69174	0	0	1.43098	-0.322486
14.7	-0.729558	0	0	-1.64257	0	0	1.34902	-0.364779
14.75	-0.811687	0	0	-1.58967	0	0	1.26352	-0.405843
14.8	-0.89117	0	0	-1.53318	0	0	1.17533	-0.445585
14.85	-0.967829	0	0	-1.47329	0	0	1.0853	-0.483915
14.9	-1.04149	0	0	-1.41017	0	0	0.99429	-0.520747
14.95	-1.112	0	0	-1.34399	0	0	0.90316	-0.556001
15	-1.1792	0	0	-1.27495	0	0	0.812753	-0.589601
15.05	-1.24295	0	0	-1.20324	0	0	0.723898	-0.621475
15.1	-1.30311	0	0	-1.12906	0	0	0.637393	-0.651556
15.15	-1.35957	0	0	-1.05262	0	0	0.554002	-0.679783
15.2	-1.4122	0	0	-0.974113	0	0	0.474448	-0.706098
15.25	-1.4609	0	0	-0.893762	0	0	0.399406	-0.730451
15.3	-1.50559	0	0	-0.81178	0	0	0.329493	-0.752795
15.35	-1.54618	0	0	-0.728382	0	0	0.265271	-0.773089
15.4	-1.5826	0	0	-0.64379	0	0	0.207233	-0.791299
15.45	-1.61479	0	0	-0.558222	0	0	0.155806	-0.807394
15.5	-1.6427	0	0	-0.4719	0	0	0.111345	-0.821349
15.55	-1.66629	0	0	-0.385046	0	0	0.0741304	-0.833147
15.6	-1.68555	0	0	-0.297881	0	0	0.0443666	-0.842773
15.65	-1.70044	0	0	-0.210625	0	0	0.0221815	-0.85022
15.7	-1.71097	0	0	-0.123497	0	0	0.00762575	-0.855486
15.75	-1.71715	0	0	-0.0367134	0	0	0.000673938	-0.858573
15.8	-1.71898	0	0	0.049511	0	0	0.00122567	-0.859491
15.85	-1.71651	0	0	0.134965	0	0	0.00910777	-0.858253
15.9	-1.70976	0	0	0.219441	0	0	0.0240771	-0.854879
15.95	-1.69879	0	0	0.302734	0	0	0.045824	-0.849393
16	-1.68365	0	0	0.384646	0	0	0.0739763	-0.841825
16.05	-1.66442	0	0	0.464982	0	0	0.108104	-0.832208
16.1	-1.64117	0	0	0.543553	0	0	0.147725	-0.820584
16.15	-1.61399	0	0	0.620176	0	0	0.192309	-0.806995
16.2	-1.58298	0	0	0.694674	0	0	0.241286	-0.791491
16.25	-1.54825	0	0	0.766876	0	0	0.294049	-0.774124
16.3	-1.5099	0	0	0.83662	0	0	0.349966	-0.754952
16.35	-1.46807	0	0	0.903749	0	0	0.408381	-0.734036
16.4	-1.42289	0	0	0.968115	0	0	0.468623	-0.711443
16.45	-1.37448	0	0	1.02958	0	0	0.530015	-0.68724
16.5	-1.323	0	0	1.08801	0	0	0.591879	-0.6615
16.55	-1.2686	0	0	1.14328	0	0	0.65354	-0.6343
16.6	-1.21144	0	0	1.19527	0	0	0.714339	-0.605718
16.65	-1.15167	0	0	1.24389	0	0	0.773634	-0.575836
16.7	-1.08948	0	0	1.28904	0	0	0.830808	-0.544739
16.75	-1.02503	0	0	1.33062	0	0	0.885276	-0.512513
16.8	-0.958495	0	0	1.36857	0	0	0.936486	-0.479248
16.85	-0.890067	0	0	1.4028	0	0	0.983931	-0.445034
16.9	-0.819927	0	0	1.43328	0	0	1.02715	-0.409963
16.95	-0.748263	0	0	1.45994	0	0	1.06572	-0.374131
17	-0.675266	0	0	1.48276	0	0	1.09928	-0.337633
17.05	-0.601128	0	0	1.50169	0	0	1.12754	-0.300564
17.1	-0.526043	0	0	1.51673	0	0	1.15024	-0.263022
17.15	-0.450207	0	0	1.52787	0	0	1.16719	-0.225103
17.2	-0.373813	0	0	1.5351	0	0	1.17826	-0.186907
17.25	-0.297058	0	0	1.53844	0	0	1.1834	-0.148529
17.3	-0.220136	0	0	1.53791	0	0	1.18258	-0.110068
17.35	-0.143241	0	0	1.53354	0	0	1.17586	-0.0716204
17.4	-0.0665641	0	0	1.52536	0	0	1.16336	-0.0332821
17.45	0.00970395	0	0	1.51344	0	0	1.14524	-0.00485197
17.5	0.0853758	0	0	1.49782	0	0	1.12173	-0.0426879
17.55	0.160267	0	0	1.47857	0	0	1.09308	-0.0801333
17.6	0.234195	0	0	1.45577	0	0	1.05963	-0.117098
17.65	0.306984	0	0	1.4295	0	0	1.02174	-0.153492
17.7	0.378459	0	0	1.39986	0	0	0.979803	-0.189229
17.75	0.448452	0	0	1.36694	0	0	0.934259	-0.224226
17.8	0.516799	0	0	1.33085	0	0	0.885575	-0.258399
17.85	0.583341	0	0	1.2917	0	0	0.834241	-0.29167
17.9	0.647926	0	0	1.24961	0	0	0.780767	-0.323963
17.95	0.710406	0	0	1.20472	0	0	0.725676	-0.355203
18	0.770642	0	0	1.15715	0	0	0.669502	-0.385321
18.05	0.8285	0	0	1.10705	0	0	0.612779	-0.41425
18.1	0.883853	0	0	1.05455	0	0	0.556042	-0.441926
18.15	0.93658	0	0	0.999816	0	0	0.499816	-0.46829
18.2	0.986571	0	0	0.942989	0	0	0.444614	-0.493286
18.25	1.03372	0	0	0.88423	0	0	0.390932	-0.51686
18.3	1.07793	0	0	0.823702	0	0	0.339242	-0.538966
18.35	1.11912	0	0	0.761568	0	0	0.289993	-0.559559
18.4	1.1572	0	0	0.697997	0	0	0.2436	-0.578598
18.45	1.1921	0	0	0.633157	0	0	0.200444	-0.596048
18.5	1.22375	0	0	0.567221	0	0	0.16087	-0.611877
18.55	1.25211	0	0	0.500361	0	0	0.12518	-0.626057
18.6	1.27713	0	0	0.432752	0	0	0.0936369	-0.638566
18.65	1.29877	0	0	0.364567	0	0	0.0664547	-0.649385
18.7	1.317	0	0	0.295983	0	0	0.043803	-0.658499
18.75	1.3318	0	0	0.227173	0	0	0.0258039	-0.665899
18.8	1.34316	0	0	0.158312	0	0	0.0125313	-0.671578
18.85	1.35107	0	0	0.0895709	0	0	0.00401148	-0.675536
18.9	1.35555	0	0	0.0211216	0	0	0.000223062	-0.677775
18.95	1.35661	0	0	-0.0468671	0	0	0.00109826	-0.678303
19	1.35426	0	0	-0.114229	0	0	0.0065241	-0.677132
19.05	1.34855	0	0	-0.1808	0	0	0.0163442	-0.674276
19.1	1.33951	0	0	-0.246419	0	0	0.0303612	-0.669756
19.15	1.32719	0	0	-0.310931	0	0	0.0483389	-0.663595
19.2	1.31164	0	0	-0.374181	0	0	0.0700056	-0.655822
19.25	1.29294	0	0	-0.436021	0	0	0.0950572	-0.646468
19.3	1.27113	0	0	-0.496308	0	0	0.123161	-0.635567
19.35	1.24632	0	0	-0.554901	0	0	0.153958	-0.623159
19.4	1.21857	0	0	-0.611668	0	0	0.187069	-0.609287
19.45	1.18799	0	0	-0.66648	0	0	0.222098	-0.593995
19.5	1.15467	0	0	-0.719215	0	0	0.258635	-0.577333
19.55	1.11871	0	0	-0.769756	0	0	0.296262	-0.559353
19.6	1.08022	0	0	-0.817994	0	0	0.334557	-0.540109
19.65	1.03932	0	0	-0.863825	0	0	0.373097	-0.519659
19.7	0.996127	0	0	-0.907152	0	0	0.411463	-0.498063
19.75	0.950769	0	0	-0.947887	0	0	0.449245	-0.475385
19.8	0.903375	0	0	-0.985947	0	0	0.486046	-0.451687
19.85	0.854077	0	0	-1.02126	0	0	0.521482	-0.427039
19.9	0.803015	0	0	-1.05375	0	0	0.555192	-0.401507
19.95	0.750327	0	0	-1.08336	0	0	0.586835	-0.375164
20	0.696159	0	0	-1.11004	0	0	0.616098	-0.34808
20.05	0.640657	0	0	-1.13375	0	0	0.642696	-0.320328
20.1	0.583969	0	0	-1.15445	0	0	0.666373	-0.291985
20.15	0.526247	0	0	-1.1721	0	0	0.686909	-0.263124
20.2	0.467642	0	0	-1.18669	0	0	0.704118	-0.233821
20.25	0.408307	0	0	-1.19821	0	0	0.71785	-0.204154
20.3	0.348397	0	0	-1.20664	0	0	0.72799	-0.174199
20.35	0.288065	0	0	-1.21199	0	0	0.734464	-0.144033
20.4	0.227465	0	0	-1.21428	0	0	0.737234	-0.113733
20.45	0.166752	0	0	-1.21351	0	0	0.7363	-0.0833758
20.5	0.106076	0	0	-1.20971	0	0	0.731699	-0.0530381
20.55	0.0455908	0	0	-1.20292	0	0	0.723504	-0.0227954
20.6	-0.0145551	0	0	-1.19317	0	0	0.711824	-0.00727753
20.65	-0.0742134	0	0	-1.18051	0	0	0.696799	-0.0371067
20.7	-0.133239	0	0	-1.16499	0	0	0.678603	-0.0666194
20.75	-0.191488	0	0	-1.14668	0	0	0.657437	-0.0957442
20.8	-0.248822	0	0	-1.12564	0	0	0.633531	-0.124411
20.85	-0.305104	0	0	-1.10194	0	0	0.607137	-0.152552
20.9	-0.360201	0	0	-1.07567	0	0	0.578529	-0.180101
20.95	-0.413985	0	0	-1.0469	0	0	0.548	-0.206992
21	-0.46633	0	0	-1.01573	0	0	0.515855	-0.233165
21.05	-0.517116	0	0	-0.982258	0	0	0.482415	-0.258558
21.1	-0.566229	0	0	-0.946579	0	0	0.448006	-0.283115
21.15	-0.613558	0	0	-0.908802	0	0	0.412961	-0.306779
21.2	-0.658998	0	0	-0.869036	0	0	0.377612	-0.329499
21.25	-0.70245	0	0	-0.827396	0	0	0.342292	-0.351225
21.3	-0.74382	0	0	-0.784	0	0	0.307328	-0.37191
21.35	-0.78302	0	0	-0.738969	0	0	0.273037	-0.39151
21.4	-0.819968	0	0	-0.692428	0	0	0.239728	-0.409984
21.45	-0.85459	0	0	-0.644505	0	0	0.207693	-0.427295
21.5	-0.886815	0	0	-0.595331	0	0	0.177209	-0.443407
21.55	-0.916581	0	0	-0.545037	0	0	0.148532	-0.458291
21.6	-0.943833	0	0	-0.493757	0	0	0.121898	-0.471917
21.65	-0.968521	0	0	-0.441628	0	0	0.0975176	-0.484261
21.7	-0.990603	0	0	-0.388786	0	0	0.0755771	-0.495301
21.75	-1.01004	0	0	-0.335368	0	0	0.0562357	-0.505021
21.8	-1.02681	0	0	-0.281512	0	0	0.0396244	-0.513405
21.85	-1.04089	0	0	-0.227356	0	0	0.0258454	-0.520443
21.9	-1.05225	0	0	-0.173038	0	0	0.0149711	-0.526127
21.95	-1.06091	0	0	-0.118695	0	0	0.00704428	-0.530453
22	-1.06684	0	0	-0.064463	0	0	0.00207774	-0.53342
22.05	-1.07006	0	0	-0.0104764	0	0	5.48775e-05	-0.535032
22.1	-1.07059	0	0	0.0431315	0	0	0.000930165	-0.535294
22.15	-1.06843	0	0	0.0962296	0	0	0.00463007	-0.534215
22.2	-1.06362	0	0	0.148689	0	0	0.0110542	-0.53181
22.25	-1.05618	0	0	0.200383	0	0	0.0200767	-0.528092
22.3	-1.04617	0	0	0.251188	0	0	0.0315478	-0.523083
22.35	-1.03361	0	0	0.300985	0	0	0.0452959	-0.516803
22.4	-1.01856	0	0	0.349655	0	0	0.0611294	-0.509278
22.45	-1.00107	0	0	0.397086	0	0	0.0788388	-0.500537
22.5	-0.98122	0	0	0.443169	0	0	0.0981995	-0.49061
22.55	-0.959061	0	0	0.487799	0	0	0.118974	-0.479531
22.6	-0.934671	0	0	0.530874	0	0	0.140913	-0.467336
22.65	-0.908128	0	0	0.572299	0	0	0.163763	-0.454064
22.7	-0.879513	0	0	0.611982	0	0	0.187261	-0.439756
22.75	-0.848914	0	0	0.649838	0	0	0.211145	-0.424457
22.8	-0.816422	0	0	0.685785	0	0	0.235151	-0.408211
22.85	-0.782133	0	0	0.719748	0	0	0.259019	-0.391066
22.9	-0.746145	0	0	0.751657	0	0	0.282494	-0.373073
22.95	-0.708562	0	0	0.781448	0	0	0.305331	-0.354281
23	-0.66949	0	0	0.809062	0	0	0.32729	-0.334745
23.05	-0.629037	0	0	0.834446	0	0	0.34815	-0.314518
23.1	-0.587315	0	0	0.857553	0	0	0.367699	-0.293657
23.15	-0.544437	0	0	0.878343	0	0	0.385743	-0.272218
23.2	-0.50052	0	0	0.896782	0	0	0.402109	-0.25026
23.25	-0.455681	0	0	0.91284	0	0	0.416638	-0.22784
23.3	-0.410039	0	0	0.926495	0	0	0.429197	-0.205019
23.35	-0.363714	0	0	0.937732	0	0	0.439671	-0.181857
23.4	-0.316827	0	0	0.946541	0	0	0.44797	-0.158414
23.45	-0.2695	0	0	0.952917	0	0	0.454025	-0.13475
23.5	-0.221854	0	0	0.956863	0	0	0.457793	-0.110927
23.55	-0.174011	0	0	0.958387	0	0	0.459253	-0.0870056
23.6	-0.126092	0	0	0.957503	0	0	0.458406	-0.063046
23.65	-0.0782168	0	0	0.954233	0	0	0.45528	-0.0391084
23.7	-0.0305051	0	0	0.948601	0	0	0.449922	-0.0152526
23.75	0.016925	0	0	0.940641	0	0	0.442402	-0.00846248
23.8	0.063957	0	0	0.930388	0	0	0.432811	-0.0319785
23.85	0.110476	0	0	0.917886	0	0	0.421258	-0.0552382
23.9	0.156371	0	0	0.903184	0	0	0.40787	-0.0781854
23.95	0.20153	0	0	0.886333	0	0	0.392793	-0.100765
24	0.245847	0	0	0.867393	0	0	0.376186	-0.122923
24.05	0.289216	0	0	0.846427	0	0	0.358219	-0.144608
24.1	0.331538	0	0	0.823502	0	0	0.339078	-0.165769
24.15	0.372713	0	0	0.79869	0	0	0.318953	-0.186356
24.2	0.412647	0	0	0.772068	0	0	0.298044	-0.206324
24.25	0.451251	0	0	0.743715	0	0	0.276556	-0.225625
24.3	0.488436	0	0	0.713715	0	0	0.254695	-0.244218
24.35	0.524122	0	0	0.682156	0	0	0.232668	-0.262061
24.4	0.55823	0	0	0.649128	0	0	0.210684	-0.279115
24.45	0.590686	0	0	0.614726	0	0	0.188944	-0.295343
24.5	0.621423	0	0	0.579044	0	0	0.167646	-0.310711
24.55	0.650375	0	0	0.542182	0	0	0.146981	-0.325187
24.6	0.677484	0	0	0.504242	0	0	0.12713	-0.338742
24.65	0.702696	0	0	0.465325	0	0	0.108264	-0.351348
24.7	0.725962	0	0	0.425537	0	0	0.0905409	-0.362981
24.75	0.747239	0	0	0.384984	0	0	0.0741062	-0.37362
24.8	0.766488	0	0	0.343772	0	0	0.0590896	-0.383244
24.85	0.783677	0	0	0.30201	0	0	0.045605	-0.391838
24.9	0.798777	0	0	0.259806	0	0	0.0337495	-0.399389
24.95	0.811768	0	0	0.217269	0	0	0.0236029	-0.405884
25	0.822631	0	0	0.174508	0	0	0.0152265	-0.411316
25.05	0.831356	0	0	0.131631	0	0	0.00866339	-0.415678
25.1	0.837938	0	0	0.0887471	0	0	0.00393802	-0.418969
25.15	0.842375	0	0	0.0459627	0	0	0.00105628	-0.421188
25.2	0.844674	0	0	0.0033843	0	0	5.72674e-06	-0.422337
25.25	0.844843	0	0	-0.0388832	0	0	0.000755952	-0.422421
25.3	0.842899	0	0	-0.0807365	0	0	0.00325919	-0.421449
25.35	0.838862	0	0	-0.122074	0	0	0.00745104	-0.419431
25.4	0.832758	0	0	-0.162796	0	0	0.0132513	-0.416379
25.45	0.824618	0	0	-0.202806	0	0	0.0205652	-0.412309
25.5	0.814478	0	0	-0.242009	0	0	0.0292842	-0.407239
25.55	0.802377	0	0	-0.280313	0	0	0.0392877	-0.401189
25.6	0.788362	0	0	-0.317629	0	0	0.050444	-0.394181
25.65	0.77248	0	0	-0.353871	0	0	0.0626122	-0.38624
25.7	0.754787	0	0	-0.388956	0	0	0.0756433	-0.377393
25.75	0.735339	0	0	-0.422806	0	0	0.0893823	-0.36767
25.8	0.714199	0	0	-0.455345	0	0	0.103669	-0.357099
25.85	0.691432	0	0	-0.486501	0	0	0.118342	-0.345716
25.9	0.667106	0	0	-0.516208	0	0	0.133235	-0.333553
25.95	0.641296	0	0	-0.544401	0	0	0.148186	-0.320648
26	0.614076	0	0	-0.571022	0	0	0.163033	-0.307038
26.05	0.585525	0	0	-0.596015	0	0	0.177617	-0.292762
26.1	0.555724	0	0	-0.619331	0	0	0.191786	-0.277862
26.15	0.524758	0	0	-0.640924	0	0	0.205392	-0.262379
26.2	0.492711	0	0	-0.660753	0	0	0.218297	-0.246356
26.25	0.459674	0	0	-0.678781	0	0	0.230372	-0.229837
26.3	0.425735	0	0	-0.694977	0	0	0.241496	-0.212867
26.35	0.390986	0	0	-0.709314	0	0	0.251563	-0.195493
26.4	0.35552	0	0	-0.72177	0	0	0.260476	-0.17776
26.45	0.319432	0	0	-0.732328	0	0	0.268152	-0.159716
26.5	0.282815	0	0	-0.740977	0	0	0.274523	-0.141408
26.55	0.245766	0	0	-0.747708	0	0	0.279533	-0.122883
26.6	0.208381	0	0	-0.752519	0	0	0.283142	-0.104191
26.65	0.170755	0	0	-0.755413	0	0	0.285324	-0.0853776
26.7	0.132985	0	0	-0.756396	0	0	0.286068	-0.0664923
26.75	0.0951647	0	0	-0.755482	0	0	0.285376	-0.0475824
26.8	0.0573906	0	0	-0.752685	0	0	0.283267	-0.0286953
26.85	0.0197564	0	0	-0.748028	0	0	0.279773	-0.00987819
26.9	-0.017645	0	0	-0.741535	0	0	0.274937	-0.0088225
26.95	-0.0547218	0	0	-0.733238	0	0	0.268819	-0.0273609
27	-0.0913836	0	0	-0.723169	0	0	0.261487	-0.0456918
27.05	-0.127542	0	0	-0.711368	0	0	0.253022	-0.063771
27.1	-0.163111	0	0	-0.697877	0	0	0.243516	-0.0815553
27.15	-0.198004	0	0	-0.682743	0	0	0.233069	-0.0990022
27.2	-0.232142	0	0	-0.666016	0	0	0.221788	-0.116071
27.25	-0.265442	0	0	-0.647748	0	0	0.209789	-0.132721
27.3	-0.29783	0	0	-0.627999	0	0	0.197191	-0.148915
27.35	-0.32923	0	0	-0.606827	0	0	0.18412	-0.164615
27.4	-0.359571	0	0	-0.584297	0	0	0.170702	-0.179786
27.45	-0.388786	0	0	-0.560476	0	0	0.157067	-0.194393
27.5	-0.41681	0	0	-0.535432	0	0	0.143344	-0.208405
27.55	-0.443581	0	0	-0.509237	0	0	0.129661	-0.221791
27.6	-0.469043	0	0	-0.481966	0	0	0.116145	-0.234522
27.65	-0.493141	0	0	-0.453694	0	0	0.102919	-0.246571
27.7	-0.515826	0	0	-0.4245	0	0	0.0901	-0.257913
27.75	-0.537051	0	0	-0.394464	0	0	0.0778007	-0.268526
27.8	-0.556774	0	0	-0.363666	0	0	0.0661266	-0.278387
27.85	-0.574958	0	0	-0.332191	0	0	0.0551754	-0.287479
27.9	-0.591567	0	0	-0.300121	0	0	0.0450364	-0.295784
27.95	-0.606573	0	0	-0.267542	0	0	0.0357892	-0.303287
28	-0.61995	0	0	-0.234538	0	0	0.0275039	-0.309975
28.05	-0.631677	0	0	-0.201195	0	0	0.0202396	-0.315839
28.1	-0.641737	0	0	-0.167599	0	0	0.0140447	-0.320868
28.15	-0.650117	0	0	-0.133836	0	0	0.00895603	-0.325058
28.2	-0.656809	0	0	-0.0999918	0	0	0.00499918	-0.328404
28.25	-0.661808	0	0	-0.0661514	0	0	0.00218801	-0.330904
28.3	-0.665116	0	0	-0.0323995	0	0	0.000524864	-0.332558
28.35	-0.666736	0	0	0.00118028	0	0	6.96529e-07	-0.333368
28.4	-0.666677	0	0	0.0345053	0	0	0.000595307	-0.333338
28.45	-0.664951	0	0	0.067494	0	0	0.00227772	-0.332476
28.5	-0.661577	0	0	0.100067	0	0	0.00500667	-0.330788
28.55	-0.656573	0	0	0.132145	0	0	0.00873113	-0.328287
28.6	-0.649966	0	0	0.163652	0	0	0.013391	-0.324983
28.65	-0.641784	0	0	0.194514	0	0	0.0189178	-0.320892
28.7	-0.632058	0	0	0.224658	0	0	0.0252356	-0.316029
28.75	-0.620825	0	0	0.254014	0	0	0.0322616	-0.310413
28.8	-0.608124	0	0	0.282515	0	0	0.0399075	-0.304062
28.85	-0.593999	0	0	0.310096	0	0	0.0480799	-0.296999
28.9	-0.578494	0	0	0.336695	0	0	0.0566819	-0.289247
28.95	-0.561659	0	0	0.362253	0	0	0.0656137	-0.280829
29	-0.543546	0	0	0.386714	0	0	0.0747737	-0.271773
29.05	-0.524211	0	0	0.410024	0	0	0.0840597	-0.262105
29.1	-0.503709	0	0	0.432134	0	0	0.0933699	-0.251855
29.15	-0.482103	0	0	0.452998	0	0	0.102604	-0.241051
29.2	-0.459453	0	0	0.472573	0	0	0.111663	-0.229726
29.25	-0.435824	0	0	0.49082	0	0	0.120452	-0.217912
29.3	-0.411283	0	0	0.507703	0	0	0.128881	-0.205642
29.35	-0.385898	0	0	0.52319	0	0	0.136864	-0.192949
29.4	-0.359738	0	0	0.537253	0	0	0.144321	-0.179869
29.45	-0.332876	0	0	0.549868	0	0	0.151177	-0.166438
29.5	-0.305382	0	0	0.561013	0	0	0.157368	-0.152691
29.55	-0.277332	0	0	0.570672	0	0	0.162833	-0.138666
29.6	-0.248798	0	0	0.578832	0	0	0.167523	-0.124399
29.65	-0.219857	0	0	0.585483	0	0	0.171395	-0.109928
29.7	-0.190582	0	0	0.590621	0	0	0.174417	-0.0952912
29.75	-0.161051	0	0	0.594244	0	0	0.176563	-0.0805257
29.8	-0.131339	0	0	0.596354	0	0	0.177819	-0.0656696
29.85	-0.101521	0	0	0.596958	0	0	0.178179	-0.0507607
29.9	-0.0716736	0	0	0.596064	0	0	0.177646	-0.0358368
29.95	-0.0418704	0	0	0.593687	0	0	0.176232	-0.0209352
30	-0.012186	0	0	0.589844	0	0	0.173958	-0.006093
30.05	0.0173062	0	0	0.584555	0	0	0.170852	-0.00865309
30.1	0.0465339	0	0	0.577844	0	0	0.166952	-0.023267
30.15	0.0754261	0	0	0.569739	0	0	0.162301	-0.0377131
30.2	0.103913	0	0	0.56027	0	0	0.156951	-0.0519565
30.25	0.131927	0	0	0.549472	0	0	0.15096	-0.0659633
30.3	0.1594	0	0	0.537381	0	0	0.144389	-0.0797001
30.35	0.186269	0	0	0.524037	0	0	0.137307	-0.0931346
30.4	0.212471	0	0	0.509483	0	0	0.129786	-0.106236
30.45	0.237945	0	0	0.493765	0	0	0.121902	-0.118973
30.5	0.262633	0	0	0.47693	0	0	0.113731	-0.131317
30.55	0.28648	0	0	0.459029	0	0	0.105354	-0.14324
30.6	0.309431	0	0	0.440114	0	0	0.0968504	-0.154716
30.65	0.331437	0	0	0.420242	0	0	0.0883016	-0.165719
30.7	0.352449	0	0	0.399468	0	0	0.0797871	-0.176225
30.75	0.372423	0	0	0.37785	0	0	0.0713855	-0.186211
30.8	0.391315	0	0	0.355451	0	0	0.0631726	-0.195658
30.85	0.409088	0	0	0.33233	0	0	0.0552218	-0.204544
30.9	0.425704	0	0	0.308553	0	0	0.0476024	-0.212852
30.95	0.441132	0	0	0.284182	0	0	0.0403797	-0.220566
31	0.455341	0	0	0.259284	0	0	0.033614	-0.22767
31.05	0.468305	0	0	0.233924	0	0	0.0273602	-0.234153
31.1	0.480001	0	0	0.208169	0	0	0.0216672	-0.240001
31.15	0.49041	0	0	0.182088	0	0	0.0165779	-0.245205
31.2	0.499514	0	0	0.155746	0	0	0.0121284	-0.249757
31.25	0.507301	0	0	0.129213	0	0	0.008348	-0.253651
31.3	0.513762	0	0	0.102556	0	0	0.00525885	-0.256881
31.35	0.51889	0	0	0.0758422	0	0	0.00287602	-0.259445
31.4	0.522682	0	0	0.0491392	0	0	0.00120733	-0.261341
31.45	0.525139	0	0	0.0225138	0	0	0.000253435	-0.262569
31.5	0.526265	0	0	-0.00396833	0	0	7.8738e-06	-0.263132
31.55	0.526066	0	0	-0.0302419	0	0	0.000457285	-0.263033
31.6	0.524554	0	0	-0.0562428	0	0	0.00158162	-0.262277
31.65	0.521742	0	0	-0.081908	0	0	0.00335446	-0.260871
31.7	0.517647	0	0	-0.107176	0	0	0.00574335	-0.258823
31.75	0.512288	0	0	-0.131987	0	0	0.00871023	-0.256144
31.8	0.505688	0	0	-0.156281	0	0	0.0122119	-0.252844
31.85	0.497874	0	0	-0.180003	0	0	0.0162005	-0.248937
31.9	0.488874	0	0	-0.203096	0	0	0.0206241	-0.244437
31.95	0.478719	0	0	-0.225509	0	0	0.0254272	-0.23936
32	0.467444	0	0	-0.24719	0	0	0.0305515	-0.233722
32.05	0.455084	0	0	-0.26809	0	0	0.0359362	-0.227542
32.1	0.44168	0	0	-0.288164	0	0	0.0415192	-0.22084
32.15	0.427272	0	0	-0.307366	0	0	0.0472369	-0.213636
32.2	0.411903	0	0	-0.325656	0	0	0.0530259	-0.205952
32.25	0.395621	0	0	-0.342995	0	0	0.0588226	-0.19781
32.3	0.378471	0	0	-0.359346	0	0	0.0645646	-0.189235
32.35	0.360504	0	0	-0.374676	0	0	0.070191	-0.180252
32.4	0.34177	0	0	-0.388954	0	0	0.0756427	-0.170885
32.45	0.322322	0	0	-0.402153	0	0	0.0808636	-0.161161
32.5	0.302214	0	0	-0.414248	0	0	0.0858006	-0.151107
32.55	0.281502	0	0	-0.425216	0	0	0.0904043	-0.140751
32.6	0.260241	0	0	-0.435039	0	0	0.0946294	-0.130121
32.65	0.238489	0	0	-0.443701	0	0	0.0984351	-0.119245
32.7	0.216304	0	0	-0.451188	0	0	0.101785	-0.108152
32.75	0.193745	0	0	-0.457491	0	0	0.104649	-0.0968725
32.8	0.17087	0	0	-0.462604	0	0	0.107001	-0.0854352
32.85	0.14774	0	0	-0.466521	0	0	0.108821	-0.0738701
32.9	0.124414	0	0	-0.469243	0	0	0.110094	-0.062207
32.95	0.100952	0	0	-0.470771	0	0	0.110813	-0.050476
33	0.0774134	0	0	-0.471111	0	0	0.110973	-0.0387067
33.05	0.0538578	0	0	-0.470271	0	0	0.110577	-0.0269289
33.1	0.0303443	0	0	-0.468261	0	0	0.109634	-0.0151721
33.15	0.00693125	0	0	-0.465095	0	0	0.108157	-0.00346563
33.2	-0.0163235	0	0	-0.460791	0	0	0.106164	-0.00816176
33.25	-0.0393631	0	0	-0.455367	0	0	0.10368	-0.0196815
33.3	-0.0621314	0	0	-0.448845	0	0	0.100731	-0.0310657
33.35	-0.0845737	0	0	-0.44125	0	0	0.0973508	-0.0422868
33.4	-0.106636	0	0	-0.432609	0	0	0.0935753	-0.0533181
33.45	-0.128267	0	0	-0.422951	0	0	0.0894438	-0.0641333
33.5	-0.149414	0	0	-0.412308	0	0	0.084999	-0.0747071
33.55	-0.17003	0	0	-0.400714	0	0	0.080286	-0.0850148
33.6	-0.190065	0	0	-0.388206	0	0	0.0753519	-0.0950327
33.65	-0.209476	0	0	-0.37482	0	0	0.0702452	-0.104738
33.7	-0.228217	0	0	-0.360598	0	0	0.0650156	-0.114108
33.75	-0.246247	0	0	-0.345582	0	0	0.0597133	-0.123123
33.8	-0.263526	0	0	-0.329814	0	0	0.0543885	-0.131763
33.85	-0.280016	0	0	-0.313339	0	0	0.0490907	-0.140008
33.9	-0.295683	0	0	-0.296205	0	0	0.0438687	-0.147842
33.95	-0.310494	0	0	-0.278459	0	0	0.0387696	-0.155247
34	-0.324416	0	0	-0.260149	0	0	0.0338389	-0.162208
34.05	-0.337424	0	0	-0.241327	0	0	0.0291194	-0.168712
34.1	-0.34949	0	0	-0.222043	0	0	0.0246515	-0.174745
34.15	-0.360592	0	0	-0.202348	0	0	0.0204723	-0.180296
34.2	-0.37071	0	0	-0.182295	0	0	0.0166157	-0.185355
34.25	-0.379825	0	0	-0.161936	0	0	0.0131117	-0.189912
34.3	-0.387921	0	0	-0.141326	0	0	0.00998646	-0.193961
34.35	-0.394988	0	0	-0.120516	0	0	0.00726208	-0.197494
34.4	-0.401013	0	0	-0.0995617	0	0	0.00495627	-0.200507
34.45	-0.405992	0	0	-0.0785154	0	0	0.00308234	-0.202996
34.5	-0.409917	0	0	-0.0574307	0	0	0.00164914	-0.204959
34.55	-0.412789	0	0	-0.0363605	0	0	0.000661044	-0.206394
34.6	-0.414607	0	0	-0.0153575	0	0	0.000117926	-0.207303
34.65	-0.415375	0	0	0.00552644	0	0	1.52708e-05	-0.207687
34.7	-0.415098	0	0	0.0262399	0	0	0.000344266	-0.207549
34.75	-0.413786	0	0	0.0467324	0	0	0.00109196	-0.206893
34.8	-0.41145	0	0	0.0669544	0	0	0.00224145	-0.205725
34.85	-0.408102	0	0	0.0868574	0	0	0.0037721	-0.204051
34.9	-0.403759	0	0	0.106394	0	0	0.00565983	-0.20188
34.95	-0.398439	0	0	0.125518	0	0	0.00787737	-0.19922
35	-0.392164	0	0	0.144185	0	0	0.0103946	-0.196082
35.05	-0.384954	0	0	0.162351	0	0	0.0131789	-0.192477
35.1	-0.376837	0	0	0.179975	0	0	0.0161955	-0.188418
35.15	-0.367838	0	0	0.197017	0	0	0.0194079	-0.183919
35.2	-0.357987	0	0	0.213439	0	0	0.0227781	-0.178994
35.25	-0.347315	0	0	0.229204	0	0	0.0262672	-0.173658
35.3	-0.335855	0	0	0.244278	0	0	0.0298358	-0.167928
35.35	-0.323641	0	0	0.258628	0	0	0.0334442	-0.161821
35.4	-0.31071	0	0	0.272224	0	0	0.0370528	-0.155355
35.45	-0.297099	0	0	0.285037	0	0	0.040623	-0.148549
35.5	-0.282847	0	0	0.297041	0	0	0.0441168	-0.141423
35.55	-0.267995	0	0	0.308213	0	0	0.0474977	-0.133997
35.6	-0.252584	0	0	0.318531	0	0	0.050731	-0.126292
35.65	-0.236657	0	0	0.327975	0	0	0.0537837	-0.118329
35.7	-0.220259	0	0	0.336528	0	0	0.0566255	-0.110129
35.75	-0.203432	0	0	0.344176	0	0	0.0592284	-0.101716
35.8	-0.186224	0	0	0.350905	0	0	0.0615673	-0.0931118
35.85	-0.168678	0	0	0.356708	0	0	0.0636201	-0.0843391
35.9	-0.150843	0	0	0.361574	0	0	0.065368	-0.0754215
35.95	-0.132764	0	0	0.365501	0	0	0.0667954	-0.0663821
36	-0.114489	0	0	0.368484	0	0	0.0678902	-0.0572446
36.05	-0.096065	0	0	0.370524	0	0	0.0686439	-0.0480325
36.1	-0.0775388	0	0	0.371622	0	0	0.0690513	-0.0387694
36.15	-0.0589577	0	0	0.371782	0	0	0.069111	-0.0294788
36.2	-0.0403686	0	0	0.371012	0	0	0.0688251	-0.0201843
36.25	-0.021818	0	0	0.369321	0	0	0.0681989	-0.010909
36.3	-0.00335193	0	0	0.366718	0	0	0.0672412	-0.00167597
36.35	0.014984	0	0	0.363219	0	0	0.0659639	-0.00749199
36.4	0.0331449	0	0	0.358837	0	0	0.0643821	-0.0165725
36.45	0.0510868	0	0	0.353592	0	0	0.0625136	-0.0255434
36.5	0.0687664	0	0	0.347502	0	0	0.0603787	-0.0343832
36.55	0.0861415	0	0	0.340588	0	0	0.0580002	-0.0430707
36.6	0.103171	0	0	0.332875	0	0	0.055403	-0.0515854
36.65	0.119815	0	0	0.324388	0	0	0.0526138	-0.0599073
36.7	0.136034	0	0	0.315153	0	0	0.0496608	-0.068017
36.75	0.151792	0	0	0.3052	0	0	0.0465735	-0.0758958
36.8	0.167052	0	0	0.294559	0	0	0.0433824	-0.0835258
36.85	0.18178	0	0	0.28326	0	0	0.0401182	-0.0908898
36.9	0.195943	0	0	0.271339	0	0	0.0368124	-0.0979713
36.95	0.20951	0	0	0.258828	0	0	0.033496	-0.104755
37	0.222451	0	0	0.245764	0	0	0.0302001	-0.111225
37.05	0.234739	0	0	0.232184	0	0	0.0269548	-0.11737
37.1	0.246348	0	0	0.218125	0	0	0.0237894	-0.123174
37.15	0.257255	0	0	0.203627	0	0	0.0207319	-0.128627
37.2	0.267436	0	0	0.188728	0	0	0.0178091	-0.133718
37.25	0.276872	0	0	0.173469	0	0	0.0150457	-0.138436
37.3	0.285546	0	0	0.15789	0	0	0.0124647	-0.142773
37.35	0.29344	0	0	0.142034	0	0	0.0100869	-0.14672
37.4	0.300542	0	0	0.125942	0	0	0.00793067	-0.150271
37.45	0.306839	0	0	0.109655	0	0	0.00601214	-0.15342
37.5	0.312322	0	0	0.0932168	0	0	0.00434469	-0.156161
37.55	0.316983	0	0	0.0766685	0	0	0.00293903	-0.158491
37.6	0.320816	0	0	0.0600527	0	0	0.00180316	-0.160408
37.65	0.323819	0	0	0.0434114	0	0	0.000942274	-0.161909
37.7	0.325989	0	0	0.0267863	0	0	0.000358753	-0.162995
37.75	0.327329	0	0	0.010219	0	0	5.22138e-05	-0.163664
37.8	0.32784	0	0	-0.00624964	0	0	1.9529e-05	-0.16392
37.85	0.327527	0	0	-0.0225791	0	0	0.000254909	-0.163764
37.9	0.326398	0	0	-0.0387297	0	0	0.000749995	-0.163199
37.95	0.324462	0	0	-0.0546623	0	0	0.00149398	-0.162231
38	0.321729	0	0	-0.0703388	0	0	0.00247377	-0.160864
38.05	0.318212	0	0	-0.0857218	0	0	0.00367412	-0.159106
38.1	0.313926	0	0	-0.100775	0	0	0.00507782	-0.156963
38.15	0.308887	0	0	-0.115464	0	0	0.00666594	-0.154443
38.2	0.303114	0	0	-0.129753	0	0	0.00841798	-0.151557
38.25	0.296626	0	0	-0.143612	0	0	0.0103121	-0.148313
38.3	0.289445	0	0	-0.157007	0	0	0.0123256	-0.144723
38.35	0.281595	0	0	-0.169909	0	0	0.0144345	-0.140798
38.4	0.2731	0	0	-0.18229	0	0	0.0166148	-0.13655
38.45	0.263985	0	0	-0.194122	0	0	0.0188416	-0.131993
38.5	0.254279	0	0	-0.20538	0	0	0.0210904	-0.12714
38.55	0.24401	0	0	-0.21604	0	0	0.0233366	-0.122005
38.6	0.233208	0	0	-0.22608	0	0	0.0255561	-0.116604
38.65	0.221904	0	0	-0.23548	0	0	0.0277253	-0.110952
38.7	0.21013	0	0	-0.24422	0	0	0.0298217	-0.105065
38.75	0.197919	0	0	-0.252284	0	0	0.0318237	-0.0989596
38.8	0.185305	0	0	-0.259657	0	0	0.033711	-0.0926524
38.85	0.172322	0	0	-0.266326	0	0	0.0354648	-0.086161
38.9	0.159006	0	0	-0.272279	0	0	0.0370679	-0.0795029
38.95	0.145392	0	0	-0.277506	0	0	0.0385049	-0.0726959
39	0.131516	0	0	-0.282001	0	0	0.0397623	-0.0657582
39.05	0.117416	0	0	-0.285757	0	0	0.0408285	-0.0587082
39.1	0.103129	0	0	-0.28877	0	0	0.0416941	-0.0515643
39.15	0.0886901	0	0	-0.291039	0	0	0.0423518	-0.044345
39.2	0.0741381	0	0	-0.292563	0	0	0.0427965	-0.0370691
39.25	0.05951	0	0	-0.293344	0	0	0.0430254	-0.029755
39.3	0.0448428	0	0	-0.293386	0	0	0.0430377	-0.0224214
39.35	0.0301735	0	0	-0.292694	0	0	0.042835	-0.0150867
39.4	0.0155387	0	0	-0.291276	0	0	0.0424209	-0.00776936
39.45	0.000974915	0	0	-0.28914	0	0	0.0418011	-0.000487457
39.5	-0.0134821	0	0	-0.286298	0	0	0.0409832	-0.00674105
39.55	-0.027797	0	0	-0.282761	0	0	0.0399768	-0.0138985
39.6	-0.041935	0	0	-0.278543	0	0	0.0387932	-0.0209675
39.65	-0.0558622	0	0	-0.273661	0	0	0.0374452	-0.0279311
39.7	-0.0695452	0	0	-0.268131	0	0	0.0359472	-0.0347726
39.75	-0.0829518	0	0	-0.261973	0	0	0.0343149	-0.0414759
39.8	-0.0960504	0	0	-0.255205	0	0	0.0325649	-0.0480252
39.85	-0.108811	0	0	-0.247851	0	0	0.030715	-0.0544054
39.9	-0.121203	0	0	-0.239932	0	0	0.0287836	-0.0606016
39.95	-0.1332	0	0	-0.231472	0	0	0.0267897	-0.0665999
40	-0.144773	0	0	-0.222498	0	0	0.0247526	-0.0723867
40.05	-0.155898	0	0	-0.213034	0	0	0.0226917	-0.0779492
40.1	-0.16655	0	0	-0.203109	0	0	0.0206266	-0.083275
40.15	-0.176705	0	0	-0.19275	0	0	0.0185763	-0.0883527
40.2	-0.186343	0	0	-0.181987	0	0	0.0165597	-0.0931715
40.25	-0.195442	0	0	-0.17085	0	0	0.0145949	-0.0977212
40.3	-0.203985	0	0	-0.15937	0	0	0.0126993	-0.101992
40.35	-0.211953	0	0	-0.147577	0	0	0.0108894	-0.105977
40.4	-0.219332	0	0	-0.135503	0	0	0.00918057	-0.109666
40.45	-0.226107	0	0	-0.123182	0	0	0.00758686	-0.113054
40.5	-0.232266	0	0	-0.110644	0	0	0.0061211	-0.116133
40.55	-0.237799	0	0	-0.0979247	0	0	0.00479462	-0.118899
40.6	-0.242695	0	0	-0.0850555	0	0	0.00361722	-0.121347
40.65	-0.246948	0	0	-0.0720702	0	0	0.00259706	-0.123474
40.7	-0.250551	0	0	-0.0590022	0	0	0.00174063	-0.125276
40.75	-0.253501	0	0	-0.0458846	0	0	0.0010527	-0.126751
40.8	-0.255796	0	0	-0.0327507	0	0	0.000536303	-0.127898
40.85	-0.257433	0	0	-0.0196334	0	0	0.000192735	-0.128717
40.9	-0.258415	0	0	-0.0065654	0	0	2.15522e-05	-0.129207
40.95	-0.258743	0	0	0.00642099	0	0	2.06146e-05	-0.129371
41	-0.258422	0	0	0.0192939	0	0	0.000186128	-0.129211
41.05	-0.257457	0	0	0.0320221	0	0	0.000512707	-0.128729
41.1	-0.255856	0	0	0.0445747	0	0	0.000993453	-0.127928
41.15	-0.253627	0	0	0.0569218	0	0	0.00162004	-0.126814
41.2	-0.250781	0	0	0.0690339	0	0	0.00238284	-0.125391
41.25	-0.24733	0	0	0.0808827	0	0	0.003271	-0.123665
41.3	-0.243285	0	0	0.0924403	0	0	0.00427261	-0.121643
41.35	-0.238663	0	0	0.10368	0	0	0.00537479	-0.119332
41.4	-0.233479	0	0	0.114577	0	0	0.00656389	-0.11674
41.45	-0.227751	0	0	0.125105	0	0	0.0078256	-0.113875
41.5	-0.221495	0	0	0.135241	0	0	0.0091451	-0.110748
41.55	-0.214733	0	0	0.144964	0	0	0.0105072	-0.107367
41.6	-0.207485	0	0	0.154251	0	0	0.0118966	-0.103743
41.65	-0.199773	0	0	0.163082	0	0	0.0132979	-0.0998863
41.7	-0.191618	0	0	0.17144	0	0	0.0146959	-0.0958092
41.75	-0.183046	0	0	0.179307	0	0	0.0160754	-0.0915232
41.8	-0.174081	0	0	0.186666	0	0	0.0174221	-0.0870406
41.85	-0.164748	0	0	0.193503	0	0	0.0187218	-0.0823739
41.9	-0.155073	0	0	0.199806	0	0	0.0199612	-0.0775363
41.95	-0.145082	0	0	0.205561	0	0	0.0211277	-0.0725412
42	-0.134804	0	0	0.21076	0	0	0.0222098	-0.0674022
42.05	-0.124266	0	0	0.215392	0	0	0.0231969	-0.0621332
42.1	-0.113497	0	0	0.219452	0	0	0.0240795	-0.0567484
42.15	-0.102524	0	0	0.222932	0	0	0.0248494	-0.0512621
42.2	-0.0913775	0	0	0.225829	0	0	0.0254994	-0.0456888
42.25	-0.0800861	0	0	0.22814	0	0	0.0260238	-0.040043
42.3	-0.0686791	0	0	0.229863	0	0	0.0264184	-0.0343395
42.35	-0.057186	0	0	0.230998	0	0	0.02668	-0.028593
42.4	-0.0456361	0	0	0.231547	0	0	0.026807	-0.022818
42.45	-0.0340587	0	0	0.231513	0	0	0.0267992	-0.0170294
42.5	-0.022483	0	0	0.230901	0	0	0.0266577	-0.0112415
42.55	-0.010938	0	0	0.229716	0	0	0.0263848	-0.00546898
42.6	0.000547858	0	0	0.227966	0	0	0.0259843	-0.000273929
42.65	0.0119462	0	0	0.225659	0	0	0.025461	-0.00597308
42.7	0.0232291	0	0	0.222805	0	0	0.0248211	-0.0116146
42.75	0.0343694	0	0	0.219416	0	0	0.0240716	-0.0171847
42.8	0.0453402	0	0	0.215503	0	0	0.0232208	-0.0226701
42.85	0.0561153	0	0	0.211081	0	0	0.0222776	-0.0280577
42.9	0.0666694	0	0	0.206164	0	0	0.0212519	-0.0333347
42.95	0.0769776	0	0	0.200769	0	0	0.0201542	-0.0384888
43	0.0870161	0	0	0.194913	0	0	0.0189955	-0.043508
43.05	0.0967617	0	0	0.188613	0	0	0.0177874	-0.0483809
43.1	0.106192	0	0	0.181889	0	0	0.0165417	-0.0530962
43.15	0.115287	0	0	0.17476	0	0	0.0152706	-0.0576434
43.2	0.124025	0	0	0.167248	0	0	0.013986	-0.0620124
43.25	0.132387	0	0	0.159374	0	0	0.0127001	-0.0661936
43.3	0.140356	0	0	0.151161	0	0	0.0114249	-0.070178
43.35	0.147914	0	0	0.142632	0	0	0.0101719	-0.073957
43.4	0.155046	0	0	0.13381	0	0	0.00895255	-0.0775228
43.45	0.161736	0	0	0.12472	0	0	0.00777748	-0.080868
43.5	0.167972	0	0	0.115386	0	0	0.00665691	-0.083986
43.55	0.173741	0	0	0.105833	0	0	0.00560032	-0.0868707
43.6	0.179033	0	0	0.0960877	0	0	0.00461642	-0.0895165
43.65	0.183837	0	0	0.0861752	0	0	0.00371308	-0.0919187
43.7	0.188146	0	0	0.0761216	0	0	0.00289725	-0.0940731
43.75	0.191952	0	0	0.065953	0	0	0.0021749	-0.0959761
43.8	0.19525	0	0	0.0556959	0	0	0.00155102	-0.0976249
43.85	0.198035	0	0	0.0453764	0	0	0.00102951	-0.0990173
43.9	0.200303	0	0	0.0350209	0	0	0.000613233	-0.100152
43.95	0.202055	0	0	0.0246556	0	0	0.000303948	-0.101027
44	0.203287	0	0	0.0143063	0	0	0.000102335	-0.101644
44.05	0.204003	0	0	0.00399885	0	0	7.99539e-06	-0.102001
44.1	0.204203	0	0	-0.00624127	0	0	1.94767e-05	-0.102101
44.15	0.20389	0	0	-0.016389	0	0	0.000134299	-0.101945
44.2	0.203071	0	0	-0.0264196	0	0	0.000348998	-0.101536
44.25	0.20175	0	0	-0.036309	0	0	0.000659171	-0.100875
44.3	0.199935	0	0	-0.0460334	0	0	0.00105954	-0.0999673
44.35	0.197633	0	0	-0.0555698	0	0	0.001544	-0.0988165
44.4	0.194854	0	0	-0.0648957	0	0	0.00210573	-0.0974272
44.45	0.19161	0	0	-0.0739895	0	0	0.00273722	-0.0958048
44.5	0.18791	0	0	-0.0828301	0	0	0.00343041	-0.0939551
44.55	0.183769	0	0	-0.0913973	0	0	0.00417673	-0.0918843
44.6	0.179199	0	0	-0.0996718	0	0	0.00496723	-0.0895994
44.65	0.174215	0	0	-0.107635	0	0	0.00579264	-0.0871076
44.7	0.168833	0	0	-0.115269	0	0	0.00664352	-0.0844167
44.75	0.16307	0	0	-0.122558	0	0	0.00751028	-0.081535
44.8	0.156942	0	0	-0.129486	0	0	0.00838335	-0.078471
44.85	0.150468	0	0	-0.136039	0	0	0.00925324	-0.0752339
44.9	0.143666	0	0	-0.142202	0	0	0.0101106	-0.0718329
44.95	0.136556	0	0	-0.147963	0	0	0.0109465	-0.0682779
45	0.129158	0	0	-0.153311	0	0	0.0117521	-0.0645788
45.05	0.121492	0	0	-0.158236	0	0	0.0125193	-0.060746
45.1	0.11358	0	0	-0.162728	0	0	0.0132402	-0.0567902
45.15	0.105444	0	0	-0.16678	0	0	0.0139077	-0.052722
45.2	0.0971049	0	0	-0.170384	0	0	0.0145154	-0.0485525
45.25	0.0885857	0	0	-0.173536	0	0	0.0150573	-0.0442929
45.3	0.0799089	0	0	-0.176229	0	0	0.0155284	-0.0399545
45.35	0.0710975	0	0	-0.178463	0	0	0.0159245	-0.0355487
45.4	0.0621743	0	0	-0.180233	0	0	0.0162419	-0.0310872
45.45	0.0531627	0	0	-0.181539	0	0	0.0164782	-0.0265813
45.5	0.0440857	0	0	-0.182382	0	0	0.0166316	-0.0220429
45.55	0.0349666	0	0	-0.182762	0	0	0.0167011	-0.0174833
45.6	0.0258285	0	0	-0.182683	0	0	0.0166866	-0.0129143
45.65	0.0166943	0	0	-0.182148	0	0	0.0165889	-0.00834717
45.7	0.00758695	0	0	-0.181161	0	0	0.0164097	-0.00379348
45.75	-0.0014711	0	0	-0.179729	0	0	0.0161512	-0.000735548
45.8	-0.0104575	0	0	-0.177858	0	0	0.0158167	-0.00522877
45.85	-0.0193504	0	0	-0.175556	0	0	0.01541	-0.00967521
45.9	-0.0281282	0	0	-0.172833	0	0	0.0149357	-0.0140641
45.95	-0.0367699	0	0	-0.169699	0	0	0.0143988	-0.018385
46	-0.0452548	0	0	-0.166163	0	0	0.0138051	-0.0226274
46.05	-0.053563	0	0	-0.162239	0	0	0.0131607	-0.0267815
46.1	-0.0616749	0	0	-0.157938	0	0	0.0124722	-0.0308375
46.15	-0.0695719	0	0	-0.153275	0	0	0.0117466	-0.0347859
46.2	-0.0772356	0	0	-0.148264	0	0	0.0109911	-0.0386178
46.25	-0.0846488	0	0	-0.142919	0	0	0.010213	-0.0423244
46.3	-0.0917948	0	0	-0.137258	0	0	0.00941984	-0.0458974
46.35	-0.0986576	0	0	-0.131295	0	0	0.00861924	-0.0493288
46.4	-0.105222	0	0	-0.12505	0	0	0.00781869	-0.0526112
46.45	-0.111475	0	0	-0.118538	0	0	0.00702562	-0.0557374
46.5	-0.117402	0	0	-0.111779	0	0	0.00624725	-0.0587009
46.55	-0.122991	0	0	-0.104791	0	0	0.00549057	-0.0614954
46.6	-0.12823	0	0	-0.0975935	0	0	0.00476224	-0.0641151
46.65	-0.13311	0	0	-0.090206	0	0	0.00406856	-0.066555
46.7	-0.13762	0	0	-0.0826485	0	0	0.00341538	-0.0688101
46.75	-0.141753	0	0	-0.074941	0	0	0.00280807	-0.0708763
46.8	-0.1455	0	0	-0.0671039	0	0	0.00225147	-0.0727499
46.85	-0.148855	0	0	-0.0591579	0	0	0.00174983	-0.0744275
46.9	-0.151813	0	0	-0.0511236	0	0	0.00130681	-0.0759064
46.95	-0.154369	0	0	-0.0430217	0	0	0.000925434	-0.0771845
47	-0.15652	0	0	-0.034873	0	0	0.000608064	-0.07826
47.05	-0.158264	0	0	-0.0266983	0	0	0.0003564	-0.0791319
47.1	-0.159599	0	0	-0.0185181	0	0	0.000171461	-0.0797993
47.15	-0.160525	0	0	-0.010353	0	0	5.35925e-05	-0.0802623
47.2	-0.161042	0	0	-0.00222326	0	0	2.47145e-06	-0.0805211
47.25	-0.161153	0	0	0.00585108	0	0	1.71176e-05	-0.0805767
47.3	-0.160861	0	0	0.0138502	0	0	9.59145e-05	-0.0804304
47.35	-0.160168	0	0	0.0217548	0	0	0.000236635	-0.0800841
47.4	-0.159081	0	0	0.0295456	0	0	0.000436472	-0.0795403
47.45	-0.157603	0	0	0.0372042	0	0	0.000692077	-0.0788016
47.5	-0.155743	0	0	0.0447123	0	0	0.000999596	-0.0778715
47.55	-0.153507	0	0	0.0520524	0	0	0.00135472	-0.0767537
47.6	-0.150905	0	0	0.0592072	0	0	0.00175275	-0.0754524
47.65	-0.147944	0	0	0.0661604	0	0	0.0021886	-0.0739722
47.7	-0.144636	0	0	0.072896	0	0	0.00265691	-0.0723182
47.75	-0.140992	0	0	0.0793989	0	0	0.00315209	-0.0704958
47.8	-0.137022	0	0	0.0856545	0	0	0.00366834	-0.0685109
47.85	-0.132739	0	0	0.091649	0	0	0.00419977	-0.0663695
47.9	-0.128157	0	0	0.0973695	0	0	0.00474041	-0.0640783
47.95	-0.123288	0	0	0.102804	0	0	0.00528429	-0.061644
48	-0.118148	0	0	0.10794	0	0	0.00582552	-0.0590739
48.05	-0.112751	0	0	0.112768	0	0	0.00635831	-0.0563754
48.1	-0.107112	0	0	0.117278	0	0	0.00687704	-0.0535562
48.15	-0.101249	0	0	0.121461	0	0	0.00737635	-0.0506243
48.2	-0.0951756	0	0	0.125308	0	0	0.00785111	-0.0475878
48.25	-0.0889101	0	0	0.128814	0	0	0.00829655	-0.0444551
48.3	-0.0824694	0	0	0.131972	0	0	0.00870824	-0.0412347
48.35	-0.0758709	0	0	0.134775	0	0	0.00908219	-0.0379354
48.4	-0.0691321	0	0	0.137221	0	0	0.00941481	-0.034566
48.45	-0.062271	0	0	0.139305	0	0	0.00970301	-0.0311355
48.5	-0.0553058	0	0	0.141026	0	0	0.00994416	-0.0276529
48.55	-0.0482545	0	0	0.142381	0	0	0.0101362	-0.0241272
48.6	-0.0411354	0	0	0.14337	0	0	0.0102775	-0.0205677
48.65	-0.0339669	0	0	0.143993	0	0	0.010367	-0.0169835
48.7	-0.0267673	0	0	0.144251	0	0	0.0104042	-0.0133836
48.75	-0.0195547	0	0	0.144147	0	0	0.0103892	-0.00977735
48.8	-0.0123473	0	0	0.143684	0	0	0.0103225	-0.00617366
48.85	-0.00516315	0	0	0.142864	0	0	0.0102051	-0.00258158
48.9	0.00198005	0	0	0.141694	0	0	0.0100385	-0.000990025
48.95	0.00906473	0	0	0.140178	0	0	0.00982488	-0.00453236
49	0.0160736	0	0	0.138323	0	0	0.00956657	-0.0080368
49.05	0.0229897	0	0	0.136136	0	0	0.00926647	-0.0114949
49.1	0.0297965	0	0	0.133625	0	0	0.0089278	-0.0148983
49.15	0.0364778	0	0	0.130799	0	0	0.00855416	-0.0182389
49.2	0.0430177	0	0	0.127667	0	0	0.00814942	-0.0215089
49.25	0.0494011	0	0	0.124239	0	0	0.00771771	-0.0247005
49.3	0.055613	0	0	0.120527	0	0	0.00726337	-0.0278065
49.35	0.0616394	0	0	0.116541	0	0	0.0067909	-0.0308197
49.4	0.0674664	0	0	0.112294	0	0	0.00630493	-0.0337332
49.45	0.0730811	0	0	0.107797	0	0	0.00581014	-0.0365405
49.5	0.078471	0	0	0.103065	0	0	0.00531123	-0.0392355
49.55	0.0836242	0	0	0.0981111	0	0	0.0048129	-0.0418121
49.6	0.0885298	0	0	0.0929488	0	0	0.00431974	-0.0442649
49.65	0.0931772	0	0	0.0875928	0	0	0.00383625	-0.0465886
49.7	0.0975569	0	0	0.082058	0	0	0.00336676	-0.0487784
49.75	0.10166	0	0	0.0763596	0	0	0.0029154	-0.0508299
49.8	0.105478	0	0	0.070513	0	0	0.00248604	-0.0527389
49.85	0.109003	0	0	0.064534	0	0	0.00208232	-0.0545017
49.9	0.11223	0	0	0.0584385	0	0	0.00170753	-0.0561151
49.95	0.115152	0	0	0.0522426	0	0	0.00136465	-0.057576
