0	5.61231	0	0	0	0	0	0	-2.80616
0.05	5.61231	0	0	0	0	0	0	-2.80616
0.1	5.61231	0	0	-0.280616	0	0	0.0393725	-2.80616
0.15	5.59828	0	0	-0.533169	0	0	0.142135	-2.79914
0.2	5.57162	0	0	-0.759766	0	0	0.288623	-2.78581
0.25	5.53363	0	0	-0.962371	0	0	0.463079	-2.76682
0.3	5.48551	0	0	-1.14282	0	0	0.653014	-2.74276
0.35	5.42837	0	0	-1.30281	0	0	0.848656	-2.71419
0.4	5.36323	0	0	-1.44395	0	0	1.04249	-2.68162
0.45	5.29104	0	0	-1.56771	0	0	1.22886	-2.64552
0.5	5.21265	0	0	-1.67549	0	0	1.40364	-2.60632
0.55	5.12888	0	0	-1.76858	0	0	1.56393	-2.56444
0.6	5.04045	0	0	-1.84816	0	0	1.70785	-2.52022
0.65	4.94804	0	0	-1.91537	0	0	1.83432	-2.47402
0.7	4.85227	0	0	-1.97123	0	0	1.94288	-2.42613
0.75	4.75371	0	0	-2.01672	0	0	2.03359	-2.37685
0.8	4.65287	0	0	-2.05274	0	0	2.10687	-2.32644
0.85	4.55023	0	0	-2.08011	0	0	2.16342	-2.27512
0.9	4.44623	0	0	-2.09961	0	0	2.20418	-2.22311
0.95	4.34125	0	0	-2.11196	0	0	2.23019	-2.17062
1	4.23565	0	0	-2.11783	0	0	2.24259	-2.11783
1.05	4.12976	0	0	-2.11783	0	0	2.24259	-2.06488
1.1	4.02387	0	0	-2.11253	0	0	2.23139	-2.01193
1.15	3.91824	0	0	-2.10247	0	0	2.21019	-1.95912
1.2	3.81312	0	0	-2.08814	0	0	2.18016	-1.90656
1.25	3.70871	0	0	-2.06998	0	0	2.14241	-1.85436
1.3	3.60521	0	0	-2.04842	0	0	2.098	-1.80261
1.35	3.50279	0	0	-2.02384	0	0	2.04795	-1.7514
1.4	3.4016	0	0	-1.99659	0	0	1.99319	-1.7008
1.45	3.30177	0	0	-1.96701	0	0	1.93457	-1.65089
1.5	3.20342	0	0	-1.9354	0	0	1.87289	-1.60171
1.55	3.10665	0	0	-1.90203	0	0	1.80886	-1.55332
1.6	3.01155	0	0	-1.86716	0	0	1.74314	-1.50577
1.65	2.91819	0	0	-1.83102	0	0	1.67632	-1.4591
1.7	2.82664	0	0	-1.79383	0	0	1.60891	-1.41332
1.75	2.73695	0	0	-1.75578	0	0	1.54138	-1.36847
1.8	2.64916	0	0	-1.71705	0	0	1.47413	-1.32458
1.85	2.56331	0	0	-1.6778	0	0	1.40751	-1.28165
1.9	2.47942	0	0	-1.63819	0	0	1.34183	-1.23971
1.95	2.39751	0	0	-1.59834	0	0	1.27734	-1.19875
2	2.31759	0	0	-1.55838	0	0	1.21427	-1.1588
2.05	2.23967	0	0	-1.51842	0	0	1.1528	-1.11984
2.1	2.16375	0	0	-1.47856	0	0	1.09307	-1.08188
2.15	2.08982	0	0	-1.43889	0	0	1.03521	-1.04491
2.2	2.01788	0	0	-1.3995	0	0	0.979294	-1.00894
2.25	1.9479	0	0	-1.36044	0	0	0.925398	-0.973951
2.3	1.87988	0	0	-1.32179	0	0	0.873566	-0.93994
2.35	1.81379	0	0	-1.28361	0	0	0.823822	-0.906896
2.4	1.74961	0	0	-1.24593	0	0	0.776177	-0.874805
2.45	1.68731	0	0	-1.20882	0	0	0.730625	-0.843657
2.5	1.62687	0	0	-1.17231	0	0	0.68715	-0.813436
2.55	1.56826	0	0	-1.13642	0	0	0.645724	-0.784129
2.6	1.51144	0	0	-1.10119	0	0	0.606309	-0.755718
2.65	1.45638	0	0	-1.06664	0	0	0.568863	-0.728189
2.7	1.40305	0	0	-1.0328	0	0	0.533335	-0.701523
2.75	1.35141	0	0	-0.99967	0	0	0.49967	-0.675703
2.8	1.30142	0	0	-0.967273	0	0	0.467808	-0.650711
2.85	1.25306	0	0	-0.935617	0	0	0.437689	-0.626529
2.9	1.20628	0	0	-0.904708	0	0	0.409248	-0.603139
2.95	1.16104	0	0	-0.874551	0	0	0.38242	-0.580521
3	1.11731	0	0	-0.845148	0	0	0.357138	-0.558657
3.05	1.07506	0	0	-0.816499	0	0	0.333335	-0.537528
3.1	1.03423	0	0	-0.788602	0	0	0.310946	-0.517116
3.15	0.994802	0	0	-0.761453	0	0	0.289906	-0.497401
3.2	0.956729	0	0	-0.735048	0	0	0.270148	-0.478365
3.25	0.919977	0	0	-0.70938	0	0	0.25161	-0.459988
3.3	0.884508	0	0	-0.684441	0	0	0.234229	-0.442254
3.35	0.850286	0	0	-0.660222	0	0	0.217947	-0.425143
3.4	0.817275	0	0	-0.636714	0	0	0.202702	-0.408637
3.45	0.785439	0	0	-0.613906	0	0	0.188441	-0.39272
3.5	0.754744	0	0	-0.591788	0	0	0.175106	-0.377372
3.55	0.725154	0	0	-0.570346	0	0	0.162647	-0.362577
3.6	0.696637	0	0	-0.549569	0	0	0.151013	-0.348319
3.65	0.669159	0	0	-0.529444	0	0	0.140156	-0.334579
3.7	0.642686	0	0	-0.509958	0	0	0.130028	-0.321343
3.75	0.617188	0	0	-0.491096	0	0	0.120588	-0.308594
3.8	0.592634	0	0	-0.472846	0	0	0.111792	-0.296317
3.85	0.568991	0	0	-0.455193	0	0	0.1036	-0.284496
3.9	0.546232	0	0	-0.438123	0	0	0.095976	-0.273116
3.95	0.524326	0	0	-0.421623	0	0	0.0888828	-0.262163
4	0.503244	0	0	-0.405677	0	0	0.0822868	-0.251622
4.05	0.482961	0	0	-0.390271	0	0	0.0761558	-0.24148
4.1	0.463447	0	0	-0.375392	0	0	0.0704596	-0.231724
4.15	0.444677	0	0	-0.361025	0	0	0.0651696	-0.222339
4.2	0.426626	0	0	-0.347157	0	0	0.0602588	-0.213313
4.25	0.409268	0	0	-0.333772	0	0	0.055702	-0.204634
4.3	0.39258	0	0	-0.320858	0	0	0.0514751	-0.19629
4.35	0.376537	0	0	-0.308402	0	0	0.0475558	-0.188268
4.4	0.361117	0	0	-0.296388	0	0	0.043923	-0.180558
4.45	0.346297	0	0	-0.284805	0	0	0.040557	-0.173149
4.5	0.332057	0	0	-0.27364	0	0	0.0374393	-0.166029
4.55	0.318375	0	0	-0.262878	0	0	0.0345526	-0.159188
4.6	0.305231	0	0	-0.252509	0	0	0.0318805	-0.152616
4.65	0.292606	0	0	-0.24252	0	0	0.029408	-0.146303
4.7	0.28048	0	0	-0.232898	0	0	0.0271208	-0.14024
4.75	0.268835	0	0	-0.223632	0	0	0.0250057	-0.134417
4.8	0.257653	0	0	-0.214711	0	0	0.0230504	-0.128827
4.85	0.246918	0	0	-0.206123	0	0	0.0212432	-0.123459
4.9	0.236611	0	0	-0.197856	0	0	0.0195735	-0.118306
4.95	0.226719	0	0	-0.189901	0	0	0.0180312	-0.113359
5	0.217224	0	0	-0.182247	0	0	0.016607	-0.108612
5.05	0.208111	0	0	-0.174883	0	0	0.0152921	-0.104056
5.1	0.199367	0	0	-0.167801	0	0	0.0140785	-0.0996835
5.15	0.190977	0	0	-0.160989	0	0	0.0129587	-0.0954885
5.2	0.182928	0	0	-0.154439	0	0	0.0119257	-0.0914638
5.25	0.175206	0	0	-0.148141	0	0	0.0109729	-0.0876028
5.3	0.167799	0	0	-0.142088	0	0	0.0100944	-0.0838993
5.35	0.160694	0	0	-0.136269	0	0	0.00928458	-0.0803471
5.4	0.153881	0	0	-0.130677	0	0	0.00853818	-0.0769404
5.45	0.147347	0	0	-0.125303	0	0	0.00785041	-0.0736735
5.5	0.141082	0	0	-0.12014	0	0	0.00721681	-0.0705409
5.55	0.135075	0	0	-0.11518	0	0	0.00663322	-0.0675374
5.6	0.129316	0	0	-0.110416	0	0	0.00609582	-0.0646579
5.65	0.123795	0	0	-0.10584	0	0	0.00560105	-0.0618975
5.7	0.118503	0	0	-0.101446	0	0	0.00514562	-0.0592515
5.75	0.113431	0	0	-0.0972263	0	0	0.00472648	-0.0567154
5.8	0.108569	0	0	-0.0931752	0	0	0.00434081	-0.0542847
5.85	0.103911	0	0	-0.0892862	0	0	0.00398601	-0.0519553
5.9	0.0994463	0	0	-0.0855531	0	0	0.00365967	-0.0497232
5.95	0.0951687	0	0	-0.0819701	0	0	0.00335955	-0.0475843
6	0.0910702	0	0	-0.0785315	0	0	0.0030836	-0.0455351
6.05	0.0871436	0	0	-0.0752319	0	0	0.00282992	-0.0435718
6.1	0.083382	0	0	-0.0720659	0	0	0.00259675	-0.041691
6.15	0.0797787	0	0	-0.0690284	0	0	0.00238246	-0.0398894
6.2	0.0763273	0	0	-0.0661145	0	0	0.00218556	-0.0381636
6.25	0.0730216	0	0	-0.0633194	0	0	0.00200467	-0.0365108
6.3	0.0698556	0	0	-0.0606385	0	0	0.00183852	-0.0349278
6.35	0.0668237	0	0	-0.0580675	0	0	0.00168592	-0.0334118
6.4	0.0639203	0	0	-0.0556019	0	0	0.00154579	-0.0319601
6.45	0.0611402	0	0	-0.0532377	0	0	0.00141713	-0.0305701
6.5	0.0584783	0	0	-0.050971	0	0	0.00129902	-0.0292392
6.55	0.0559298	0	0	-0.0487978	0	0	0.00119061	-0.0279649
6.6	0.0534899	0	0	-0.0467145	0	0	0.00109112	-0.0267449
6.65	0.0511542	0	0	-0.0447175	0	0	0.000999829	-0.0255771
6.7	0.0489183	0	0	-0.0428035	0	0	0.00091607	-0.0244591
6.75	0.0467781	0	0	-0.0409691	0	0	0.000839232	-0.0233891
6.8	0.0447297	0	0	-0.0392111	0	0	0.000768754	-0.0223648
6.85	0.0427691	0	0	-0.0375264	0	0	0.000704117	-0.0213845
6.9	0.0408928	0	0	-0.0359122	0	0	0.000644845	-0.0204464
6.95	0.0390972	0	0	-0.0343657	0	0	0.000590499	-0.0195486
7	0.0373789	0	0	-0.032884	0	0	0.000540677	-0.0186894
7.05	0.0357347	0	0	-0.0314645	0	0	0.000495007	-0.0178673
7.1	0.0341615	0	0	-0.0301048	0	0	0.000453149	-0.0170807
7.15	0.0326562	0	0	-0.0288024	0	0	0.000414789	-0.0163281
7.2	0.0312161	0	0	-0.027555	0	0	0.000379638	-0.015608
7.25	0.0298384	0	0	-0.0263603	0	0	0.000347432	-0.0149192
7.3	0.0285203	0	0	-0.0252162	0	0	0.000317927	-0.0142602
7.35	0.0272595	0	0	-0.0241206	0	0	0.000290901	-0.0136298
7.4	0.0260535	0	0	-0.0230715	0	0	0.000266147	-0.0130268
7.45	0.0248999	0	0	-0.022067	0	0	0.000243476	-0.01245
7.5	0.0237966	0	0	-0.0211053	0	0	0.000222717	-0.0118983
7.55	0.0227413	0	0	-0.0201846	0	0	0.000203709	-0.0113707
7.6	0.0217321	0	0	-0.0193032	0	0	0.000186307	-0.010866
7.65	0.0207669	0	0	-0.0184595	0	0	0.000170376	-0.0103835
7.7	0.019844	0	0	-0.0176519	0	0	0.000155795	-0.00992198
7.75	0.0189614	0	0	-0.0168789	0	0	0.000142449	-0.00948068
7.8	0.0181174	0	0	-0.0161391	0	0	0.000130235	-0.00905871
7.85	0.0173105	0	0	-0.015431	0	0	0.000119058	-0.00865523
7.9	0.0165389	0	0	-0.0147535	0	0	0.000108832	-0.00826945
7.95	0.0158012	0	0	-0.0141051	0	0	9.94763e-05	-0.00790062
8	0.015096	0	0	-0.0134846	0	0	9.09174e-05	-0.00754799
8.05	0.0144217	0	0	-0.0128909	0	0	8.30883e-05	-0.00721087
8.1	0.0137772	0	0	-0.0123229	0	0	7.59274e-05	-0.0068886
8.15	0.0131611	0	0	-0.0117795	0	0	6.93784e-05	-0.00658053
8.2	0.0125721	0	0	-0.0112596	0	0	6.33894e-05	-0.00628604
8.25	0.0120091	0	0	-0.0107623	0	0	5.7913e-05	-0.00600455
8.3	0.011471	0	0	-0.0102865	0	0	5.29059e-05	-0.00573549
8.35	0.0109567	0	0	-0.00983138	0	0	4.83281e-05	-0.00547833
8.4	0.0104651	0	0	-0.00939608	0	0	4.41431e-05	-0.00523255
8.45	0.00999529	0	0	-0.00897973	0	0	4.03177e-05	-0.00499764
8.5	0.0095463	0	0	-0.00858152	0	0	3.68212e-05	-0.00477315
8.55	0.00911723	0	0	-0.00820068	0	0	3.36256e-05	-0.00455861
8.6	0.00870719	0	0	-0.00783647	0	0	3.07052e-05	-0.0043536
8.65	0.00831537	0	0	-0.00748819	0	0	2.80365e-05	-0.00415768
8.7	0.00794096	0	0	-0.00715514	0	0	2.5598e-05	-0.00397048
8.75	0.0075832	0	0	-0.00683667	0	0	2.337e-05	-0.0037916
8.8	0.00724137	0	0	-0.00653216	0	0	2.13346e-05	-0.00362068
8.85	0.00691476	0	0	-0.00624102	0	0	1.94751e-05	-0.00345738
8.9	0.00660271	0	0	-0.00596265	0	0	1.77766e-05	-0.00330136
8.95	0.00630458	0	0	-0.00569652	0	0	1.62252e-05	-0.00315229
9	0.00601975	0	0	-0.0054421	0	0	1.48082e-05	-0.00300988
9.05	0.00574765	0	0	-0.00519888	0	0	1.35142e-05	-0.00287382
9.1	0.0054877	0	0	-0.00496637	0	0	1.23324e-05	-0.00274385
9.15	0.00523938	0	0	-0.00474412	0	0	1.12533e-05	-0.00261969
9.2	0.00500218	0	0	-0.00453168	0	0	1.0268e-05	-0.00250109
9.25	0.00477559	0	0	-0.00432862	0	0	9.36847e-06	-0.0023878
9.3	0.00455916	0	0	-0.00413454	0	0	8.54719e-06	-0.00227958
9.35	0.00435244	0	0	-0.00394904	0	0	7.79746e-06	-0.00217622
9.4	0.00415499	0	0	-0.00377176	0	0	7.11308e-06	-0.00207749
9.45	0.0039664	0	0	-0.00360233	0	0	6.4884e-06	-0.0019832
9.5	0.00378628	0	0	-0.00344042	0	0	5.91824e-06	-0.00189314
9.55	0.00361426	0	0	-0.00328569	0	0	5.39788e-06	-0.00180713
9.6	0.00344998	0	0	-0.00313783	0	0	4.923e-06	-0.00172499
9.65	0.00329308	0	0	-0.00299655	0	0	4.48966e-06	-0.00164654
9.7	0.00314326	0	0	-0.00286155	0	0	4.09423e-06	-0.00157163
9.75	0.00300018	0	0	-0.00273256	0	0	3.73343e-06	-0.00150009
9.8	0.00286355	0	0	-0.00260931	0	0	3.40425e-06	-0.00143178
9.85	0.00273309	0	0	-0.00249156	0	0	3.10393e-06	-0.00136654
9.9	0.00260851	0	0	-0.00237906	0	0	2.82995e-06	-0.00130425
9.95	0.00248955	0	0	-0.00227158	0	0	2.58003e-06	-0.00124478
10	0.00237598	0	0	-0.0021689	0	0	2.35205e-06	-0.00118799
10.05	0.00226753	0	0	-0.0020708	0	0	2.14412e-06	-0.00113377
10.1	0.00216399	0	0	-0.0019771	0	0	1.95446e-06	-0.001082
10.15	0.00206514	0	0	-0.00188759	0	0	1.7815e-06	-0.00103257
10.2	0.00197076	0	0	-0.00180209	0	0	1.62376e-06	-0.000985378
10.25	0.00188065	0	0	-0.00172042	0	0	1.47992e-06	-0.000940326
10.3	0.00179463	0	0	-0.00164241	0	0	1.34875e-06	-0.000897316
10.35	0.00171251	0	0	-0.0015679	0	0	1.22915e-06	-0.000856255
10.4	0.00163412	0	0	-0.00149673	0	0	1.12011e-06	-0.000817058
10.45	0.00155928	0	0	-0.00142877	0	0	1.02069e-06	-0.000779639
10.5	0.00148784	0	0	-0.00136385	0	0	9.30049e-07	-0.00074392
10.55	0.00141965	0	0	-0.00130186	0	0	8.4742e-07	-0.000709824
10.6	0.00135455	0	0	-0.00124266	0	0	7.72098e-07	-0.000677277
10.65	0.00129242	0	0	-0.00118612	0	0	7.03439e-07	-0.000646211
10.7	0.00123312	0	0	-0.00113213	0	0	6.40857e-07	-0.000616558
10.75	0.00117651	0	0	-0.00108057	0	0	5.83817e-07	-0.000588255
10.8	0.00112248	0	0	-0.00103134	0	0	5.31831e-07	-0.000561241
10.85	0.00107091	0	0	-0.00098433	0	0	4.84452e-07	-0.000535457
10.9	0.0010217	0	0	-0.000939442	0	0	4.41276e-07	-0.000510849
10.95	0.000974726	0	0	-0.000896583	0	0	4.01931e-07	-0.000487363
11	0.000929896	0	0	-0.000855661	0	0	3.66078e-07	-0.000464948
11.05	0.000887113	0	0	-0.00081659	0	0	3.33409e-07	-0.000443557
11.1	0.000846284	0	0	-0.000779286	0	0	3.03644e-07	-0.000423142
11.15	0.00080732	0	0	-0.000743672	0	0	2.76524e-07	-0.00040366
11.2	0.000770136	0	0	-0.000709671	0	0	2.51816e-07	-0.000385068
11.25	0.000734652	0	0	-0.00067721	0	0	2.29307e-07	-0.000367326
11.3	0.000700792	0	0	-0.000646222	0	0	2.08801e-07	-0.000350396
11.35	0.000668481	0	0	-0.000616639	0	0	1.90122e-07	-0.00033424
11.4	0.000637649	0	0	-0.0005884	0	0	1.73107e-07	-0.000318824
11.45	0.000608229	0	0	-0.000561442	0	0	1.57609e-07	-0.000304114
11.5	0.000580157	0	0	-0.000535709	0	0	1.43492e-07	-0.000290078
11.55	0.000553371	0	0	-0.000511146	0	0	1.30635e-07	-0.000276686
11.6	0.000527814	0	0	-0.0004877	0	0	1.18926e-07	-0.000263907
11.65	0.000503429	0	0	-0.000465321	0	0	1.08262e-07	-0.000251714
11.7	0.000480163	0	0	-0.00044396	0	0	9.85503e-08	-0.000240081
11.75	0.000457965	0	0	-0.000423572	0	0	8.97068e-08	-0.000228982
11.8	0.000436786	0	0	-0.000404113	0	0	8.16538e-08	-0.000218393
11.85	0.000416581	0	0	-0.000385541	0	0	7.43211e-08	-0.00020829
11.9	0.000397304	0	0	-0.000367816	0	0	6.76444e-08	-0.000198652
11.95	0.000378913	0	0	-0.0003509	0	0	6.15653e-08	-0.000189456
12	0.000361368	0	0	-0.000334755	0	0	5.60306e-08	-0.000180684
12.05	0.00034463	0	0	-0.000319348	0	0	5.09917e-08	-0.000172315
12.1	0.000328663	0	0	-0.000304645	0	0	4.64043e-08	-0.000164331
12.15	0.00031343	0	0	-0.000290614	0	0	4.22281e-08	-0.000156715
12.2	0.0002989	0	0	-0.000277224	0	0	3.84265e-08	-0.00014945
12.25	0.000285038	0	0	-0.000264446	0	0	3.49659e-08	-0.000142519
12.3	0.000271816	0	0	-0.000252254	0	0	3.1816e-08	-0.000135908
12.35	0.000259203	0	0	-0.000240619	0	0	2.89488e-08	-0.000129602
12.4	0.000247173	0	0	-0.000229517	0	0	2.63391e-08	-0.000123586
12.45	0.000235697	0	0	-0.000218924	0	0	2.39639e-08	-0.000117848
12.5	0.00022475	0	0	-0.000208817	0	0	2.18022e-08	-0.000112375
12.55	0.00021431	0	0	-0.000199173	0	0	1.98348e-08	-0.000107155
12.6	0.000204351	0	0	-0.000189971	0	0	1.80444e-08	-0.000102175
12.65	0.000194852	0	0	-0.000181191	0	0	1.64151e-08	-9.74262e-05
12.7	0.000185793	0	0	-0.000172815	0	0	1.49325e-08	-9.28964e-05
12.75	0.000177152	0	0	-0.000164823	0	0	1.35833e-08	-8.85761e-05
12.8	0.000168911	0	0	-0.000157198	0	0	1.23556e-08	-8.44555e-05
12.85	0.000161051	0	0	-0.000149924	0	0	1.12386e-08	-8.05256e-05
12.9	0.000153555	0	0	-0.000142984	0	0	1.02222e-08	-7.67775e-05
12.95	0.000146406	0	0	-0.000136363	0	0	9.29749e-09	-7.32029e-05
13	0.000139588	0	0	-0.000130047	0	0	8.45616e-09	-6.97938e-05
13.05	0.000133085	0	0	-0.000124022	0	0	7.69073e-09	-6.65426e-05
13.1	0.000126884	0	0	-0.000118274	0	0	6.99438e-09	-6.3442e-05
13.15	0.00012097	0	0	-0.000112791	0	0	6.36089e-09	-6.04852e-05
13.2	0.000115331	0	0	-0.00010756	0	0	5.78461e-09	-5.76654e-05
13.25	0.000109953	0	0	-0.000102571	0	0	5.26039e-09	-5.49764e-05
13.3	0.000104824	0	0	-9.78114e-05	0	0	4.78353e-09	-5.24121e-05
13.35	9.99337e-05	0	0	-9.32714e-05	0	0	4.34978e-09	-4.99668e-05
13.4	9.52701e-05	0	0	-8.8941e-05	0	0	3.95525e-09	-4.76351e-05
13.45	9.08231e-05	0	0	-8.48104e-05	0	0	3.5964e-09	-4.54115e-05
13.5	8.65826e-05	0	0	-8.08705e-05	0	0	3.27002e-09	-4.32913e-05
13.55	8.2539e-05	0	0	-7.71126e-05	0	0	2.97318e-09	-4.12695e-05
13.6	7.86834e-05	0	0	-7.35283e-05	0	0	2.7032e-09	-3.93417e-05
13.65	7.5007e-05	0	0	-7.01096e-05	0	0	2.45768e-09	-3.75035e-05
13.7	7.15015e-05	0	0	-6.6849e-05	0	0	2.23439e-09	-3.57508e-05
13.75	6.81591e-05	0	0	-6.37392e-05	0	0	2.03134e-09	-3.40795e-05
13.8	6.49721e-05	0	0	-6.07732e-05	0	0	1.84669e-09	-3.2486e-05
13.85	6.19334e-05	0	0	-5.79445e-05	0	0	1.67878e-09	-3.09667e-05
13.9	5.90362e-05	0	0	-5.52467e-05	0	0	1.5261e-09	-2.95181e-05
13.95	5.62739e-05	0	0	-5.26739e-05	0	0	1.38727e-09	-2.81369e-05
14	5.36402e-05	0	0	-5.02202e-05	0	0	1.26103e-09	-2.68201e-05
14.05	5.11292e-05	0	0	-4.78802e-05	0	0	1.14625e-09	-2.55646e-05
14.1	4.87352e-05	0	0	-4.56486e-05	0	0	1.0419e-09	-2.43676e-05
14.15	4.64527e-05	0	0	-4.35205e-05	0	0	9.47017e-10	-2.32264e-05
14.2	4.42767e-05	0	0	-4.14911e-05	0	0	8.60755e-10	-2.21384e-05
14.25	4.22022e-05	0	0	-3.95558e-05	0	0	7.82331e-10	-2.11011e-05
14.3	4.02244e-05	0	0	-3.77103e-05	0	0	7.11035e-10	-2.01122e-05
14.35	3.83388e-05	0	0	-3.59505e-05	0	0	6.4622e-10	-1.91694e-05
14.4	3.65413e-05	0	0	-3.42724e-05	0	0	5.87299e-10	-1.82707e-05
14.45	3.48277e-05	0	0	-3.26722e-05	0	0	5.33738e-10	-1.74138e-05
14.5	3.31941e-05	0	0	-3.11464e-05	0	0	4.85049e-10	-1.6597e-05
14.55	3.16368e-05	0	0	-2.96915e-05	0	0	4.40791e-10	-1.58184e-05
14.6	3.01522e-05	0	0	-2.83042e-05	0	0	4.00563e-10	-1.50761e-05
14.65	2.8737e-05	0	0	-2.69813e-05	0	0	3.63997e-10	-1.43685e-05
14.7	2.73879e-05	0	0	-2.57201e-05	0	0	3.30761e-10	-1.3694e-05
14.75	2.61019e-05	0	0	-2.45175e-05	0	0	3.00553e-10	-1.3051e-05
14.8	2.4876e-05	0	0	-2.33708e-05	0	0	2.73097e-10	-1.2438e-05
14.85	2.37075e-05	0	0	-2.22775e-05	0	0	2.48144e-10	-1.18538e-05
14.9	2.25936e-05	0	0	-2.12351e-05	0	0	2.25466e-10	-1.12968e-05
14.95	2.15319e-05	0	0	-2.02413e-05	0	0	2.04855e-10	-1.07659e-05
15	2.05198e-05	0	0	-1.92938e-05	0	0	1.86125e-10	-1.02599e-05
15.05	1.95551e-05	0	0	-1.83904e-05	0	0	1.69103e-10	-9.77756e-06
15.1	1.86356e-05	0	0	-1.75291e-05	0	0	1.53635e-10	-9.3178e-06
15.15	1.77591e-05	0	0	-1.6708e-05	0	0	1.39578e-10	-8.87957e-06
15.2	1.69237e-05	0	0	-1.59251e-05	0	0	1.26805e-10	-8.46187e-06
15.25	1.61275e-05	0	0	-1.51788e-05	0	0	1.15198e-10	-8.06374e-06
15.3	1.53685e-05	0	0	-1.44673e-05	0	0	1.04651e-10	-7.68427e-06
15.35	1.46452e-05	0	0	-1.3789e-05	0	0	9.50682e-11	-7.32259e-06
15.4	1.39557e-05	0	0	-1.31424e-05	0	0	8.63608e-11	-6.97786e-06
15.45	1.32986e-05	0	0	-1.25259e-05	0	0	7.84492e-11	-6.64931e-06
15.5	1.26723e-05	0	0	-1.19382e-05	0	0	7.12609e-11	-6.33616e-06
15.55	1.20754e-05	0	0	-1.1378e-05	0	0	6.47299e-11	-6.0377e-06
15.6	1.15065e-05	0	0	-1.0844e-05	0	0	5.87962e-11	-5.75325e-06
15.65	1.09643e-05	0	0	-1.03349e-05	0	0	5.34054e-11	-5.48215e-06
15.7	1.04476e-05	0	0	-9.84965e-06	0	0	4.85078e-11	-5.22378e-06
15.75	9.95507e-06	0	0	-9.38706e-06	0	0	4.40585e-11	-4.97754e-06
15.8	9.48572e-06	0	0	-8.94611e-06	0	0	4.00165e-11	-4.74286e-06
15.85	9.03841e-06	0	0	-8.52579e-06	0	0	3.63445e-11	-4.51921e-06
15.9	8.61212e-06	0	0	-8.12513e-06	0	0	3.30089e-11	-4.30606e-06
15.95	8.20587e-06	0	0	-7.74322e-06	0	0	2.99787e-11	-4.10293e-06
16	7.81871e-06	0	0	-7.37919e-06	0	0	2.72262e-11	-3.90935e-06
16.05	7.44975e-06	0	0	-7.03221e-06	0	0	2.4726e-11	-3.72487e-06
16.1	7.09814e-06	0	0	-6.70147e-06	0	0	2.24549e-11	-3.54907e-06
16.15	6.76306e-06	0	0	-6.38623e-06	0	0	2.0392e-11	-3.38153e-06
16.2	6.44375e-06	0	0	-6.08576e-06	0	0	1.85183e-11	-3.22188e-06
16.25	6.13946e-06	0	0	-5.79938e-06	0	0	1.68164e-11	-3.06973e-06
16.3	5.84949e-06	0	0	-5.52641e-06	0	0	1.52706e-11	-2.92475e-06
16.35	5.57317e-06	0	0	-5.26624e-06	0	0	1.38667e-11	-2.78659e-06
16.4	5.30986e-06	0	0	-5.01828e-06	0	0	1.25916e-11	-2.65493e-06
16.45	5.05895e-06	0	0	-4.78194e-06	0	0	1.14335e-11	-2.52947e-06
16.5	4.81985e-06	0	0	-4.5567e-06	0	0	1.03817e-11	-2.40992e-06
16.55	4.59201e-06	0	0	-4.34202e-06	0	0	9.42657e-12	-2.29601e-06
16.6	4.37491e-06	0	0	-4.13742e-06	0	0	8.55911e-12	-2.18746e-06
16.65	4.16804e-06	0	0	-3.94242e-06	0	0	7.77135e-12	-2.08402e-06
16.7	3.97092e-06	0	0	-3.75658e-06	0	0	7.05595e-12	-1.98546e-06
16.75	3.78309e-06	0	0	-3.57947e-06	0	0	6.4063e-12	-1.89155e-06
16.8	3.60412e-06	0	0	-3.41068e-06	0	0	5.81636e-12	-1.80206e-06
16.85	3.43358e-06	0	0	-3.24982e-06	0	0	5.28065e-12	-1.71679e-06
16.9	3.27109e-06	0	0	-3.09651e-06	0	0	4.7942e-12	-1.63555e-06
16.95	3.11627e-06	0	0	-2.95042e-06	0	0	4.35248e-12	-1.55813e-06
17	2.96875e-06	0	0	-2.81119e-06	0	0	3.95139e-12	-1.48437e-06
17.05	2.82819e-06	0	0	-2.67851e-06	0	0	3.5872e-12	-1.41409e-06
17.1	2.69426e-06	0	0	-2.55207e-06	0	0	3.25652e-12	-1.34713e-06
17.15	2.56666e-06	0	0	-2.43157e-06	0	0	2.95627e-12	-1.28333e-06
17.2	2.44508e-06	0	0	-2.31675e-06	0	0	2.68366e-12	-1.22254e-06
17.25	2.32924e-06	0	0	-2.20733e-06	0	0	2.43615e-12	-1.16462e-06
17.3	2.21888e-06	0	0	-2.10306e-06	0	0	2.21142e-12	-1.10944e-06
17.35	2.11372e-06	0	0	-2.00369e-06	0	0	2.0074e-12	-1.05686e-06
17.4	2.01354e-06	0	0	-1.90901e-06	0	0	1.82216e-12	-1.00677e-06
17.45	1.91809e-06	0	0	-1.81879e-06	0	0	1.65399e-12	-9.59045e-07
17.5	1.82715e-06	0	0	-1.73281e-06	0	0	1.50132e-12	-9.13575e-07
17.55	1.74051e-06	0	0	-1.65089e-06	0	0	1.36272e-12	-8.70255e-07
17.6	1.65796e-06	0	0	-1.57283e-06	0	0	1.23689e-12	-8.28982e-07
17.65	1.57932e-06	0	0	-1.49844e-06	0	0	1.12266e-12	-7.89662e-07
17.7	1.5044e-06	0	0	-1.42756e-06	0	0	1.01897e-12	-7.52201e-07
17.75	1.43302e-06	0	0	-1.36003e-06	0	0	9.24837e-13	-7.16512e-07
17.8	1.36502e-06	0	0	-1.29568e-06	0	0	8.39388e-13	-6.82511e-07
17.85	1.30024e-06	0	0	-1.23436e-06	0	0	7.61821e-13	-6.50119e-07
17.9	1.23852e-06	0	0	-1.17594e-06	0	0	6.91412e-13	-6.1926e-07
17.95	1.17972e-06	0	0	-1.12027e-06	0	0	6.275e-13	-5.89862e-07
18	1.12371e-06	0	0	-1.06723e-06	0	0	5.69487e-13	-5.61855e-07
18.05	1.07035e-06	0	0	-1.01669e-06	0	0	5.16829e-13	-5.35174e-07
18.1	1.01951e-06	0	0	-9.68538e-07	0	0	4.69033e-13	-5.09757e-07
18.15	9.71087e-07	0	0	-9.2266e-07	0	0	4.25651e-13	-4.85544e-07
18.2	9.24954e-07	0	0	-8.78948e-07	0	0	3.86275e-13	-4.62477e-07
18.25	8.81007e-07	0	0	-8.37301e-07	0	0	3.50537e-13	-4.40503e-07
18.3	8.39142e-07	0	0	-7.97622e-07	0	0	3.181e-13	-4.19571e-07
18.35	7.9926e-07	0	0	-7.59816e-07	0	0	2.88661e-13	-3.9963e-07
18.4	7.6127e-07	0	0	-7.23798e-07	0	0	2.61942e-13	-3.80635e-07
18.45	7.2508e-07	0	0	-6.89482e-07	0	0	2.37692e-13	-3.6254e-07
18.5	6.90606e-07	0	0	-6.56787e-07	0	0	2.15685e-13	-3.45303e-07
18.55	6.57766e-07	0	0	-6.25639e-07	0	0	1.95712e-13	-3.28883e-07
18.6	6.26484e-07	0	0	-5.95963e-07	0	0	1.77586e-13	-3.13242e-07
18.65	5.96686e-07	0	0	-5.67691e-07	0	0	1.61137e-13	-2.98343e-07
18.7	5.68302e-07	0	0	-5.40756e-07	0	0	1.46209e-13	-2.84151e-07
18.75	5.41264e-07	0	0	-5.15096e-07	0	0	1.32662e-13	-2.70632e-07
18.8	5.15509e-07	0	0	-4.90649e-07	0	0	1.20368e-13	-2.57755e-07
18.85	4.90977e-07	0	0	-4.6736e-07	0	0	1.09213e-13	-2.45488e-07
18.9	4.67609e-07	0	0	-4.45173e-07	0	0	9.90894e-14	-2.33804e-07
18.95	4.4535e-07	0	0	-4.24036e-07	0	0	8.99032e-14	-2.22675e-07
19	4.24148e-07	0	0	-4.039e-07	0	0	8.15675e-14	-2.12074e-07
19.05	4.03953e-07	0	0	-3.84717e-07	0	0	7.40037e-14	-2.01977e-07
19.1	3.84717e-07	0	0	-3.66443e-07	0	0	6.71403e-14	-1.92359e-07
19.15	3.66395e-07	0	0	-3.49035e-07	0	0	6.09126e-14	-1.83198e-07
19.2	3.48943e-07	0	0	-3.32451e-07	0	0	5.52618e-14	-1.74472e-07
19.25	3.32321e-07	0	0	-3.16653e-07	0	0	5.01346e-14	-1.6616e-07
19.3	3.16488e-07	0	0	-3.01604e-07	0	0	4.54824e-14	-1.58244e-07
19.35	3.01408e-07	0	0	-2.87268e-07	0	0	4.12614e-14	-1.50704e-07
19.4	2.87045e-07	0	0	-2.73611e-07	0	0	3.74316e-14	-1.43522e-07
19.45	2.73364e-07	0	0	-2.60603e-07	0	0	3.39568e-14	-1.36682e-07
19.5	2.60334e-07	0	0	-2.4821e-07	0	0	3.08042e-14	-1.30167e-07
19.55	2.47923e-07	0	0	-2.36406e-07	0	0	2.79439e-14	-1.23962e-07
19.6	2.36103e-07	0	0	-2.25162e-07	0	0	2.53489e-14	-1.18052e-07
19.65	2.24845e-07	0	0	-2.14451e-07	0	0	2.29945e-14	-1.12422e-07
19.7	2.14122e-07	0	0	-2.04248e-07	0	0	2.08586e-14	-1.07061e-07
19.75	2.0391e-07	0	0	-1.94529e-07	0	0	1.89208e-14	-1.01955e-07
19.8	1.94184e-07	0	0	-1.85272e-07	0	0	1.71628e-14	-9.70918e-08
19.85	1.8492e-07	0	0	-1.76454e-07	0	0	1.5568e-14	-9.246e-08
19.9	1.76097e-07	0	0	-1.68054e-07	0	0	1.41211e-14	-8.80487e-08
19.95	1.67695e-07	0	0	-1.60054e-07	0	0	1.28086e-14	-8.38473e-08
20	1.59692e-07	0	0	-1.52433e-07	0	0	1.16179e-14	-7.98459e-08
20.05	1.5207e-07	0	0	-1.45174e-07	0	0	1.05378e-14	-7.60351e-08
20.1	1.44812e-07	0	0	-1.38261e-07	0	0	9.55798e-15	-7.24058e-08
20.15	1.37898e-07	0	0	-1.31675e-07	0	0	8.66916e-15	-6.89492e-08
20.2	1.31315e-07	0	0	-1.25402e-07	0	0	7.86289e-15	-6.56574e-08
20.25	1.25045e-07	0	0	-1.19428e-07	0	0	7.13152e-15	-6.25223e-08
20.3	1.19073e-07	0	0	-1.13737e-07	0	0	6.4681e-15	-5.95366e-08
20.35	1.13386e-07	0	0	-1.08317e-07	0	0	5.86632e-15	-5.66932e-08
20.4	1.0797e-07	0	0	-1.03155e-07	0	0	5.32047e-15	-5.39852e-08
20.45	1.02813e-07	0	0	-9.82379e-08	0	0	4.82535e-15	-5.14064e-08
20.5	9.79008e-08	0	0	-9.35548e-08	0	0	4.37625e-15	-4.89504e-08
20.55	9.32231e-08	0	0	-8.90943e-08	0	0	3.9689e-15	-4.66115e-08
20.6	8.87684e-08	0	0	-8.48461e-08	0	0	3.59943e-15	-4.43842e-08
20.65	8.45261e-08	0	0	-8.07999e-08	0	0	3.26431e-15	-4.2263e-08
20.7	8.04861e-08	0	0	-7.69462e-08	0	0	2.96036e-15	-4.0243e-08
20.75	7.66388e-08	0	0	-7.32759e-08	0	0	2.68468e-15	-3.83194e-08
20.8	7.2975e-08	0	0	-6.97802e-08	0	0	2.43464e-15	-3.64875e-08
20.85	6.9486e-08	0	0	-6.6451e-08	0	0	2.20786e-15	-3.4743e-08
20.9	6.61634e-08	0	0	-6.32802e-08	0	0	2.00219e-15	-3.30817e-08
20.95	6.29994e-08	0	0	-6.02603e-08	0	0	1.81565e-15	-3.14997e-08
21	5.99864e-08	0	0	-5.73842e-08	0	0	1.64648e-15	-2.99932e-08
21.05	5.71172e-08	0	0	-5.46451e-08	0	0	1.49305e-15	-2.85586e-08
21.1	5.43849e-08	0	0	-5.20365e-08	0	0	1.3539e-15	-2.71925e-08
21.15	5.17831e-08	0	0	-4.95521e-08	0	0	1.2277e-15	-2.58916e-08
21.2	4.93055e-08	0	0	-4.7186e-08	0	0	1.11326e-15	-2.46528e-08
21.25	4.69462e-08	0	0	-4.49327e-08	0	0	1.00947e-15	-2.34731e-08
21.3	4.46996e-08	0	0	-4.27867e-08	0	0	9.15353e-16	-2.23498e-08
21.35	4.25602e-08	0	0	-4.0743e-08	0	0	8.29998e-16	-2.12801e-08
21.4	4.05231e-08	0	0	-3.87968e-08	0	0	7.52594e-16	-2.02615e-08
21.45	3.85832e-08	0	0	-3.69432e-08	0	0	6.82401e-16	-1.92916e-08
21.5	3.67361e-08	0	0	-3.51781e-08	0	0	6.18748e-16	-1.8368e-08
21.55	3.49772e-08	0	0	-3.34971e-08	0	0	5.61027e-16	-1.74886e-08
21.6	3.33023e-08	0	0	-3.18962e-08	0	0	5.08684e-16	-1.66512e-08
21.65	3.17075e-08	0	0	-3.03717e-08	0	0	4.61221e-16	-1.58538e-08
21.7	3.01889e-08	0	0	-2.89199e-08	0	0	4.18181e-16	-1.50945e-08
21.75	2.87429e-08	0	0	-2.75374e-08	0	0	3.79153e-16	-1.43715e-08
21.8	2.73661e-08	0	0	-2.62208e-08	0	0	3.43765e-16	-1.3683e-08
21.85	2.6055e-08	0	0	-2.4967e-08	0	0	3.11676e-16	-1.30275e-08
21.9	2.48067e-08	0	0	-2.37731e-08	0	0	2.82579e-16	-1.24033e-08
21.95	2.3618e-08	0	0	-2.26361e-08	0	0	2.56196e-16	-1.1809e-08
22	2.24862e-08	0	0	-2.15534e-08	0	0	2.32274e-16	-1.12431e-08
22.05	2.14085e-08	0	0	-2.05223e-08	0	0	2.10583e-16	-1.07043e-08
22.1	2.03824e-08	0	0	-1.95405e-08	0	0	1.90916e-16	-1.01912e-08
22.15	1.94054e-08	0	0	-1.86056e-08	0	0	1.73084e-16	-9.7027e-09
22.2	1.84751e-08	0	0	-1.77153e-08	0	0	1.56916e-16	-9.23756e-09
22.25	1.75894e-08	0	0	-1.68675e-08	0	0	1.42257e-16	-8.79468e-09
22.3	1.6746e-08	0	0	-1.60603e-08	0	0	1.28966e-16	-8.37299e-09
22.35	1.5943e-08	0	0	-1.52915e-08	0	0	1.16915e-16	-7.97148e-09
22.4	1.51784e-08	0	0	-1.45595e-08	0	0	1.0599e-16	-7.58919e-09
22.45	1.44504e-08	0	0	-1.38625e-08	0	0	9.60843e-17	-7.2252e-09
22.5	1.37573e-08	0	0	-1.31988e-08	0	0	8.71037e-17	-6.87864e-09
22.55	1.30973e-08	0	0	-1.25667e-08	0	0	7.89616e-17	-6.54867e-09
22.6	1.2469e-08	0	0	-1.19649e-08	0	0	7.15799e-17	-6.2345e-09
22.65	1.18708e-08	0	0	-1.13919e-08	0	0	6.48877e-17	-5.93538e-09
22.7	1.13012e-08	0	0	-1.08462e-08	0	0	5.88205e-17	-5.65058e-09
22.75	1.07589e-08	0	0	-1.03267e-08	0	0	5.33202e-17	-5.37943e-09
22.8	1.02425e-08	0	0	-9.83195e-09	0	0	4.83337e-17	-5.12126e-09
22.85	9.75092e-09	0	0	-9.36089e-09	0	0	4.38131e-17	-4.87546e-09
22.9	9.28288e-09	0	0	-8.91234e-09	0	0	3.97149e-17	-4.64144e-09
22.95	8.83726e-09	0	0	-8.48525e-09	0	0	3.59998e-17	-4.41863e-09
23	8.413e-09	0	0	-8.07859e-09	0	0	3.26318e-17	-4.2065e-09
23.05	8.00907e-09	0	0	-7.69138e-09	0	0	2.95787e-17	-4.00453e-09
23.1	7.6245e-09	0	0	-7.3227e-09	0	0	2.68109e-17	-3.81225e-09
23.15	7.25836e-09	0	0	-6.97165e-09	0	0	2.4302e-17	-3.62918e-09
23.2	6.90978e-09	0	0	-6.6374e-09	0	0	2.20276e-17	-3.45489e-09
23.25	6.57791e-09	0	0	-6.31915e-09	0	0	1.99659e-17	-3.28896e-09
23.3	6.26195e-09	0	0	-6.01613e-09	0	0	1.80969e-17	-3.13098e-09
23.35	5.96115e-09	0	0	-5.72762e-09	0	0	1.64028e-17	-2.98057e-09
23.4	5.67477e-09	0	0	-5.45291e-09	0	0	1.48671e-17	-2.83738e-09
23.45	5.40212e-09	0	0	-5.19136e-09	0	0	1.34751e-17	-2.70106e-09
23.5	5.14255e-09	0	0	-4.94233e-09	0	0	1.22133e-17	-2.57128e-09
23.55	4.89544e-09	0	0	-4.70523e-09	0	0	1.10696e-17	-2.44772e-09
23.6	4.66018e-09	0	0	-4.47947e-09	0	0	1.00328e-17	-2.33009e-09
23.65	4.4362e-09	0	0	-4.26454e-09	0	0	9.09313e-18	-2.2181e-09
23.7	4.22297e-09	0	0	-4.05989e-09	0	0	8.24136e-18	-2.11149e-09
23.75	4.01998e-09	0	0	-3.86505e-09	0	0	7.46931e-18	-2.00999e-09
23.8	3.82673e-09	0	0	-3.67955e-09	0	0	6.76953e-18	-1.91336e-09
23.85	3.64275e-09	0	0	-3.50293e-09	0	0	6.13525e-18	-1.82138e-09
23.9	3.4676e-09	0	0	-3.33477e-09	0	0	5.56035e-18	-1.7338e-09
23.95	3.30087e-09	0	0	-3.17468e-09	0	0	5.03928e-18	-1.65043e-09
24	3.14213e-09	0	0	-3.02225e-09	0	0	4.567e-18	-1.57107e-09
24.05	2.99102e-09	0	0	-2.87713e-09	0	0	4.13895e-18	-1.49551e-09
24.1	2.84716e-09	0	0	-2.73897e-09	0	0	3.75098e-18	-1.42358e-09
24.15	2.71021e-09	0	0	-2.60743e-09	0	0	3.39935e-18	-1.35511e-09
24.2	2.57984e-09	0	0	-2.4822e-09	0	0	3.08066e-18	-1.28992e-09
24.25	2.45573e-09	0	0	-2.36297e-09	0	0	2.79182e-18	-1.22787e-09
24.3	2.33758e-09	0	0	-2.24946e-09	0	0	2.53004e-18	-1.16879e-09
24.35	2.22511e-09	0	0	-2.14139e-09	0	0	2.29278e-18	-1.11256e-09
24.4	2.11804e-09	0	0	-2.03851e-09	0	0	2.07776e-18	-1.05902e-09
24.45	2.01612e-09	0	0	-1.94056e-09	0	0	1.88289e-18	-1.00806e-09
24.5	1.91909e-09	0	0	-1.84731e-09	0	0	1.70628e-18	-9.59544e-10
24.55	1.82672e-09	0	0	-1.75853e-09	0	0	1.54622e-18	-9.13361e-10
24.6	1.7388e-09	0	0	-1.67402e-09	0	0	1.40117e-18	-8.69398e-10
24.65	1.65509e-09	0	0	-1.59355e-09	0	0	1.26971e-18	-8.27547e-10
24.7	1.57542e-09	0	0	-1.51695e-09	0	0	1.15057e-18	-7.87708e-10
24.75	1.49957e-09	0	0	-1.44403e-09	0	0	1.04261e-18	-7.49784e-10
24.8	1.42737e-09	0	0	-1.3746e-09	0	0	9.44769e-19	-7.13684e-10
24.85	1.35864e-09	0	0	-1.30851e-09	0	0	8.56103e-19	-6.79319e-10
24.9	1.29321e-09	0	0	-1.24559e-09	0	0	7.75751e-19	-6.46606e-10
24.95	1.23093e-09	0	0	-1.18569e-09	0	0	7.02936e-19	-6.15466e-10
25	1.17165e-09	0	0	-1.12867e-09	0	0	6.3695e-19	-5.85824e-10
25.05	1.11521e-09	0	0	-1.07439e-09	0	0	5.77154e-19	-5.57607e-10
25.1	1.06149e-09	0	0	-1.02271e-09	0	0	5.22967e-19	-5.30747e-10
25.15	1.01036e-09	0	0	-9.73513e-10	0	0	4.73864e-19	-5.05179e-10
25.2	9.61683e-10	0	0	-9.26679e-10	0	0	4.29367e-19	-4.80842e-10
25.25	9.15349e-10	0	0	-8.82096e-10	0	0	3.89046e-19	-4.57675e-10
25.3	8.71244e-10	0	0	-8.39654e-10	0	0	3.52509e-19	-4.35622e-10
25.35	8.29262e-10	0	0	-7.9925e-10	0	0	3.19401e-19	-4.14631e-10
25.4	7.89299e-10	0	0	-7.60788e-10	0	0	2.894e-19	-3.9465e-10
25.45	7.5126e-10	0	0	-7.24175e-10	0	0	2.62214e-19	-3.7563e-10
25.5	7.15051e-10	0	0	-6.8932e-10	0	0	2.37581e-19	-3.57526e-10
25.55	6.80585e-10	0	0	-6.56141e-10	0	0	2.1526e-19	-3.40293e-10
25.6	6.47778e-10	0	0	-6.24556e-10	0	0	1.95035e-19	-3.23889e-10
25.65	6.1655e-10	0	0	-5.94489e-10	0	0	1.76709e-19	-3.08275e-10
25.7	5.86826e-10	0	0	-5.65868e-10	0	0	1.60103e-19	-2.93413e-10
25.75	5.58532e-10	0	0	-5.38622e-10	0	0	1.45057e-19	-2.79266e-10
25.8	5.31601e-10	0	0	-5.12687e-10	0	0	1.31424e-19	-2.65801e-10
25.85	5.05967e-10	0	0	-4.87998e-10	0	0	1.19071e-19	-2.52983e-10
25.9	4.81567e-10	0	0	-4.64497e-10	0	0	1.07879e-19	-2.40784e-10
25.95	4.58342e-10	0	0	-4.42125e-10	0	0	9.77374e-20	-2.29171e-10
26	4.36236e-10	0	0	-4.2083e-10	0	0	8.85489e-20	-2.18118e-10
26.05	4.15194e-10	0	0	-4.00559e-10	0	0	8.02236e-20	-2.07597e-10
26.1	3.95167e-10	0	0	-3.81263e-10	0	0	7.26806e-20	-1.97583e-10
26.15	3.76103e-10	0	0	-3.62895e-10	0	0	6.58463e-20	-1.88052e-10
26.2	3.57959e-10	0	0	-3.4541e-10	0	0	5.96541e-20	-1.78979e-10
26.25	3.40688e-10	0	0	-3.28767e-10	0	0	5.40439e-20	-1.70344e-10
26.3	3.2425e-10	0	0	-3.12925e-10	0	0	4.8961e-20	-1.62125e-10
26.35	3.08604e-10	0	0	-2.97845e-10	0	0	4.43558e-20	-1.54302e-10
26.4	2.93711e-10	0	0	-2.83491e-10	0	0	4.01835e-20	-1.46856e-10
26.45	2.79537e-10	0	0	-2.69827e-10	0	0	3.64033e-20	-1.39768e-10
26.5	2.66045e-10	0	0	-2.56821e-10	0	0	3.29786e-20	-1.33023e-10
26.55	2.53204e-10	0	0	-2.44441e-10	0	0	2.98758e-20	-1.26602e-10
26.6	2.40982e-10	0	0	-2.32657e-10	0	0	2.70647e-20	-1.20491e-10
26.65	2.29349e-10	0	0	-2.21441e-10	0	0	2.4518e-20	-1.14675e-10
26.7	2.18277e-10	0	0	-2.10764e-10	0	0	2.22108e-20	-1.09139e-10
26.75	2.07739e-10	0	0	-2.00602e-10	0	0	2.01205e-20	-1.0387e-10
26.8	1.97709e-10	0	0	-1.90928e-10	0	0	1.82268e-20	-9.88546e-11
26.85	1.88163e-10	0	0	-1.81721e-10	0	0	1.65113e-20	-9.40813e-11
26.9	1.79077e-10	0	0	-1.72957e-10	0	0	1.49571e-20	-8.95383e-11
26.95	1.70429e-10	0	0	-1.64615e-10	0	0	1.35491e-20	-8.52144e-11
27	1.62198e-10	0	0	-1.56675e-10	0	0	1.22735e-20	-8.1099e-11
27.05	1.54364e-10	0	0	-1.49118e-10	0	0	1.1118e-20	-7.71821e-11
27.1	1.46908e-10	0	0	-1.41924e-10	0	0	1.00712e-20	-7.34542e-11
27.15	1.39812e-10	0	0	-1.35077e-10	0	0	9.1229e-21	-6.99061e-11
27.2	1.33058e-10	0	0	-1.2856e-10	0	0	8.26383e-21	-6.65292e-11
27.25	1.2663e-10	0	0	-1.22357e-10	0	0	7.4856e-21	-6.33152e-11
27.3	1.20512e-10	0	0	-1.16453e-10	0	0	6.78061e-21	-6.02562e-11
27.35	1.1469e-10	0	0	-1.10833e-10	0	0	6.14198e-21	-5.73449e-11
27.4	1.09148e-10	0	0	-1.05484e-10	0	0	5.56346e-21	-5.45741e-11
27.45	1.03874e-10	0	0	-1.00393e-10	0	0	5.0394e-21	-5.1937e-11
27.5	9.88543e-11	0	0	-9.55476e-11	0	0	4.56467e-21	-4.94272e-11
27.55	9.4077e-11	0	0	-9.09355e-11	0	0	4.13464e-21	-4.70385e-11
27.6	8.95302e-11	0	0	-8.65458e-11	0	0	3.74509e-21	-4.47651e-11
27.65	8.52029e-11	0	0	-8.23678e-11	0	0	3.39222e-21	-4.26014e-11
27.7	8.10845e-11	0	0	-7.83911e-11	0	0	3.07258e-21	-4.05422e-11
27.75	7.71649e-11	0	0	-7.46062e-11	0	0	2.78305e-21	-3.85825e-11
27.8	7.34346e-11	0	0	-7.10039e-11	0	0	2.52077e-21	-3.67173e-11
27.85	6.98844e-11	0	0	-6.75752e-11	0	0	2.2832e-21	-3.49422e-11
27.9	6.65057e-11	0	0	-6.43119e-11	0	0	2.06801e-21	-3.32528e-11
27.95	6.32901e-11	0	0	-6.1206e-11	0	0	1.87309e-21	-3.1645e-11
28	6.02298e-11	0	0	-5.82499e-11	0	0	1.69653e-21	-3.01149e-11
28.05	5.73173e-11	0	0	-5.54364e-11	0	0	1.5366e-21	-2.86586e-11
28.1	5.45455e-11	0	0	-5.27586e-11	0	0	1.39174e-21	-2.72727e-11
28.15	5.19075e-11	0	0	-5.021e-11	0	0	1.26052e-21	-2.59538e-11
28.2	4.9397e-11	0	0	-4.77844e-11	0	0	1.14167e-21	-2.46985e-11
28.25	4.70078e-11	0	0	-4.54758e-11	0	0	1.03403e-21	-2.35039e-11
28.3	4.4734e-11	0	0	-4.32786e-11	0	0	9.3652e-22	-2.2367e-11
28.35	4.25701e-11	0	0	-4.11875e-11	0	0	8.48204e-22	-2.1285e-11
28.4	4.05107e-11	0	0	-3.91972e-11	0	0	7.68211e-22	-2.02554e-11
28.45	3.85509e-11	0	0	-3.7303e-11	0	0	6.95758e-22	-1.92754e-11
28.5	3.66857e-11	0	0	-3.55003e-11	0	0	6.30135e-22	-1.83428e-11
28.55	3.49107e-11	0	0	-3.37845e-11	0	0	5.70697e-22	-1.74553e-11
28.6	3.32215e-11	0	0	-3.21516e-11	0	0	5.16863e-22	-1.66107e-11
28.65	3.16139e-11	0	0	-3.05975e-11	0	0	4.68104e-22	-1.58069e-11
28.7	3.0084e-11	0	0	-2.91185e-11	0	0	4.23943e-22	-1.5042e-11
28.75	2.86281e-11	0	0	-2.77108e-11	0	0	3.83945e-22	-1.4314e-11
28.8	2.72425e-11	0	0	-2.63711e-11	0	0	3.47719e-22	-1.36213e-11
28.85	2.5924e-11	0	0	-2.50962e-11	0	0	3.14909e-22	-1.2962e-11
28.9	2.46692e-11	0	0	-2.38827e-11	0	0	2.85193e-22	-1.23346e-11
28.95	2.3475e-11	0	0	-2.27279e-11	0	0	2.58279e-22	-1.17375e-11
29	2.23386e-11	0	0	-2.16289e-11	0	0	2.33904e-22	-1.11693e-11
29.05	2.12572e-11	0	0	-2.05829e-11	0	0	2.11828e-22	-1.06286e-11
29.1	2.0228e-11	0	0	-1.95875e-11	0	0	1.91835e-22	-1.0114e-11
29.15	1.92487e-11	0	0	-1.86401e-11	0	0	1.73728e-22	-9.62434e-12
29.2	1.83167e-11	0	0	-1.77386e-11	0	0	1.57328e-22	-9.15833e-12
29.25	1.74297e-11	0	0	-1.68805e-11	0	0	1.42476e-22	-8.71487e-12
29.3	1.65857e-11	0	0	-1.6064e-11	0	0	1.29026e-22	-8.29286e-12
29.35	1.57825e-11	0	0	-1.52869e-11	0	0	1.16844e-22	-7.89126e-12
29.4	1.50182e-11	0	0	-1.45473e-11	0	0	1.05812e-22	-7.50908e-12
29.45	1.42908e-11	0	0	-1.38435e-11	0	0	9.5821e-23	-7.1454e-12
29.5	1.35986e-11	0	0	-1.31737e-11	0	0	8.67728e-23	-6.79932e-12
29.55	1.29399e-11	0	0	-1.25362e-11	0	0	7.85786e-23	-6.46997e-12
29.6	1.23131e-11	0	0	-1.19296e-11	0	0	7.11578e-23	-6.15657e-12
29.65	1.17167e-11	0	0	-1.13523e-11	0	0	6.44374e-23	-5.85833e-12
29.7	1.1149e-11	0	0	-1.08029e-11	0	0	5.83514e-23	-5.57452e-12
29.75	1.06089e-11	0	0	-1.02801e-11	0	0	5.28399e-23	-5.30445e-12
29.8	1.00949e-11	0	0	-9.78251e-12	0	0	4.78487e-23	-5.04744e-12
29.85	9.60576e-12	0	0	-9.309e-12	0	0	4.33288e-23	-4.80288e-12
29.9	9.14031e-12	0	0	-8.85839e-12	0	0	3.92355e-23	-4.57016e-12
29.95	8.6974e-12	0	0	-8.42957e-12	0	0	3.55288e-23	-4.3487e-12
30	8.27592e-12	0	0	-8.02148e-12	0	0	3.21721e-23	-4.13796e-12
30.05	7.87484e-12	0	0	-7.63313e-12	0	0	2.91323e-23	-3.93742e-12
30.1	7.49319e-12	0	0	-7.26356e-12	0	0	2.63796e-23	-3.74659e-12
30.15	7.13001e-12	0	0	-6.91186e-12	0	0	2.38869e-23	-3.565e-12
30.2	6.78442e-12	0	0	-6.57717e-12	0	0	2.16296e-23	-3.39221e-12
30.25	6.45556e-12	0	0	-6.25868e-12	0	0	1.95855e-23	-3.22778e-12
30.3	6.14262e-12	0	0	-5.95559e-12	0	0	1.77345e-23	-3.07131e-12
30.35	5.84484e-12	0	0	-5.66716e-12	0	0	1.60584e-23	-2.92242e-12
30.4	5.56149e-12	0	0	-5.39269e-12	0	0	1.45405e-23	-2.78074e-12
30.45	5.29185e-12	0	0	-5.13149e-12	0	0	1.31661e-23	-2.64593e-12
30.5	5.03528e-12	0	0	-4.88294e-12	0	0	1.19215e-23	-2.51764e-12
30.55	4.79113e-12	0	0	-4.64641e-12	0	0	1.07945e-23	-2.39556e-12
30.6	4.55881e-12	0	0	-4.42132e-12	0	0	9.77404e-24	-2.2794e-12
30.65	4.33774e-12	0	0	-4.20713e-12	0	0	8.84997e-24	-2.16887e-12
30.7	4.12739e-12	0	0	-4.0033e-12	0	0	8.01322e-24	-2.06369e-12
30.75	3.92722e-12	0	0	-3.80934e-12	0	0	7.25555e-24	-1.96361e-12
30.8	3.73675e-12	0	0	-3.62477e-12	0	0	6.56948e-24	-1.86838e-12
30.85	3.55552e-12	0	0	-3.44913e-12	0	0	5.94825e-24	-1.77776e-12
30.9	3.38306e-12	0	0	-3.28199e-12	0	0	5.38574e-24	-1.69153e-12
30.95	3.21896e-12	0	0	-3.12295e-12	0	0	4.8764e-24	-1.60948e-12
31	3.06281e-12	0	0	-2.9716e-12	0	0	4.4152e-24	-1.53141e-12
31.05	2.91423e-12	0	0	-2.82758e-12	0	0	3.99761e-24	-1.45712e-12
31.1	2.77285e-12	0	0	-2.69053e-12	0	0	3.61949e-24	-1.38643e-12
31.15	2.63833e-12	0	0	-2.56012e-12	0	0	3.27712e-24	-1.31916e-12
31.2	2.51032e-12	0	0	-2.43603e-12	0	0	2.96712e-24	-1.25516e-12
31.25	2.38852e-12	0	0	-2.31794e-12	0	0	2.68643e-24	-1.19426e-12
31.3	2.27262e-12	0	0	-2.20557e-12	0	0	2.43228e-24	-1.13631e-12
31.35	2.16234e-12	0	0	-2.09865e-12	0	0	2.20216e-24	-1.08117e-12
31.4	2.05741e-12	0	0	-1.9969e-12	0	0	1.9938e-24	-1.02871e-12
31.45	1.95757e-12	0	0	-1.90008e-12	0	0	1.80515e-24	-9.78783e-13
31.5	1.86256e-12	0	0	-1.80795e-12	0	0	1.63434e-24	-9.31281e-13
31.55	1.77216e-12	0	0	-1.72028e-12	0	0	1.47969e-24	-8.86082e-13
31.6	1.68615e-12	0	0	-1.63686e-12	0	0	1.33966e-24	-8.43075e-13
31.65	1.60431e-12	0	0	-1.55748e-12	0	0	1.21288e-24	-8.02154e-13
31.7	1.52643e-12	0	0	-1.48195e-12	0	0	1.09809e-24	-7.63217e-13
31.75	1.45234e-12	0	0	-1.41008e-12	0	0	9.9416e-25	-7.26168e-13
31.8	1.38183e-12	0	0	-1.34169e-12	0	0	9.00062e-25	-6.90916e-13
31.85	1.31475e-12	0	0	-1.27661e-12	0	0	8.14866e-25	-6.57374e-13
31.9	1.25092e-12	0	0	-1.21469e-12	0	0	7.37731e-25	-6.25458e-13
31.95	1.19018e-12	0	0	-1.15576e-12	0	0	6.67894e-25	-5.95091e-13
32	1.13239e-12	0	0	-1.0997e-12	0	0	6.04666e-25	-5.66197e-13
32.05	1.07741e-12	0	0	-1.04635e-12	0	0	5.4742e-25	-5.38705e-13
32.1	1.02509e-12	0	0	-9.95582e-13	0	0	4.95592e-25	-5.12546e-13
32.15	9.75313e-13	0	0	-9.47279e-13	0	0	4.48668e-25	-4.87657e-13
32.2	9.27949e-13	0	0	-9.01316e-13	0	0	4.06186e-25	-4.63975e-13
32.25	8.82884e-13	0	0	-8.57582e-13	0	0	3.67724e-25	-4.41442e-13
32.3	8.40004e-13	0	0	-8.15968e-13	0	0	3.32902e-25	-4.20002e-13
32.35	7.99206e-13	0	0	-7.76372e-13	0	0	3.01376e-25	-3.99603e-13
32.4	7.60387e-13	0	0	-7.38695e-13	0	0	2.72835e-25	-3.80194e-13
32.45	7.23453e-13	0	0	-7.02845e-13	0	0	2.46995e-25	-3.61726e-13
32.5	6.8831e-13	0	0	-6.68733e-13	0	0	2.23602e-25	-3.44155e-13
32.55	6.54874e-13	0	0	-6.36275e-13	0	0	2.02423e-25	-3.27437e-13
32.6	6.2306e-13	0	0	-6.05391e-13	0	0	1.83249e-25	-3.1153e-13
32.65	5.92791e-13	0	0	-5.76005e-13	0	0	1.65891e-25	-2.96395e-13
32.7	5.6399e-13	0	0	-5.48044e-13	0	0	1.50176e-25	-2.81995e-13
32.75	5.36588e-13	0	0	-5.21439e-13	0	0	1.35949e-25	-2.68294e-13
32.8	5.10516e-13	0	0	-4.96125e-13	0	0	1.2307e-25	-2.55258e-13
32.85	4.8571e-13	0	0	-4.72038e-13	0	0	1.1141e-25	-2.42855e-13
32.9	4.62108e-13	0	0	-4.4912e-13	0	0	1.00854e-25	-2.31054e-13
32.95	4.39652e-13	0	0	-4.27313e-13	0	0	9.12983e-26	-2.19826e-13
33	4.18286e-13	0	0	-4.06564e-13	0	0	8.26473e-26	-2.09143e-13
33.05	3.97958e-13	0	0	-3.86822e-13	0	0	7.48157e-26	-1.98979e-13
33.1	3.78617e-13	0	0	-3.68038e-13	0	0	6.7726e-26	-1.89308e-13
33.15	3.60215e-13	0	0	-3.50165e-13	0	0	6.13078e-26	-1.80108e-13
33.2	3.42707e-13	0	0	-3.33159e-13	0	0	5.54976e-26	-1.71353e-13
33.25	3.26049e-13	0	0	-3.16979e-13	0	0	5.02377e-26	-1.63024e-13
33.3	3.102e-13	0	0	-3.01583e-13	0	0	4.54762e-26	-1.551e-13
33.35	2.95121e-13	0	0	-2.86935e-13	0	0	4.11658e-26	-1.4756e-13
33.4	2.80774e-13	0	0	-2.72997e-13	0	0	3.72638e-26	-1.40387e-13
33.45	2.67124e-13	0	0	-2.59736e-13	0	0	3.37315e-26	-1.33562e-13
33.5	2.54137e-13	0	0	-2.47119e-13	0	0	3.05339e-26	-1.27069e-13
33.55	2.41781e-13	0	0	-2.35114e-13	0	0	2.76393e-26	-1.20891e-13
33.6	2.30026e-13	0	0	-2.23692e-13	0	0	2.5019e-26	-1.15013e-13
33.65	2.18841e-13	0	0	-2.12824e-13	0	0	2.2647e-26	-1.09421e-13
33.7	2.082e-13	0	0	-2.02483e-13	0	0	2.04998e-26	-1.041e-13
33.75	1.98076e-13	0	0	-1.92645e-13	0	0	1.85561e-26	-9.90379e-14
33.8	1.88443e-13	0	0	-1.83284e-13	0	0	1.67966e-26	-9.42217e-14
33.85	1.79279e-13	0	0	-1.74378e-13	0	0	1.52039e-26	-8.96396e-14
33.9	1.7056e-13	0	0	-1.65904e-13	0	0	1.37621e-26	-8.52802e-14
33.95	1.62265e-13	0	0	-1.57842e-13	0	0	1.2457e-26	-8.11326e-14
34	1.54373e-13	0	0	-1.50171e-13	0	0	1.12757e-26	-7.71865e-14
34.05	1.46865e-13	0	0	-1.42872e-13	0	0	1.02063e-26	-7.34323e-14
34.1	1.39721e-13	0	0	-1.35928e-13	0	0	9.23827e-27	-6.98604e-14
34.15	1.32924e-13	0	0	-1.29322e-13	0	0	8.36205e-27	-6.64622e-14
34.2	1.26458e-13	0	0	-1.23036e-13	0	0	7.56889e-27	-6.32292e-14
34.25	1.20307e-13	0	0	-1.17055e-13	0	0	6.85094e-27	-6.01533e-14
34.3	1.14454e-13	0	0	-1.11365e-13	0	0	6.20107e-27	-5.72269e-14
34.35	1.08886e-13	0	0	-1.05951e-13	0	0	5.61282e-27	-5.44428e-14
34.4	1.03588e-13	0	0	-1.008e-13	0	0	5.08035e-27	-5.1794e-14
34.45	9.8548e-14	0	0	-9.58996e-14	0	0	4.59837e-27	-4.9274e-14
34.5	9.3753e-14	0	0	-9.12371e-14	0	0	4.1621e-27	-4.68765e-14
34.55	8.91912e-14	0	0	-8.6801e-14	0	0	3.76721e-27	-4.45956e-14
34.6	8.48511e-14	0	0	-8.25805e-14	0	0	3.40977e-27	-4.24256e-14
34.65	8.07221e-14	0	0	-7.8565e-14	0	0	3.08623e-27	-4.03611e-14
34.7	7.67939e-14	0	0	-7.47446e-14	0	0	2.79338e-27	-3.83969e-14
34.75	7.30566e-14	0	0	-7.11098e-14	0	0	2.5283e-27	-3.65283e-14
34.8	6.95011e-14	0	0	-6.76517e-14	0	0	2.28837e-27	-3.47506e-14
34.85	6.61186e-14	0	0	-6.43616e-14	0	0	2.07121e-27	-3.30593e-14
34.9	6.29005e-14	0	0	-6.12313e-14	0	0	1.87464e-27	-3.14502e-14
34.95	5.98389e-14	0	0	-5.82532e-14	0	0	1.69672e-27	-2.99195e-14
35	5.69263e-14	0	0	-5.54198e-14	0	0	1.53568e-27	-2.84631e-14
35.05	5.41553e-14	0	0	-5.27242e-14	0	0	1.38992e-27	-2.70776e-14
35.1	5.15191e-14	0	0	-5.01595e-14	0	0	1.25799e-27	-2.57595e-14
35.15	4.90111e-14	0	0	-4.77195e-14	0	0	1.13858e-27	-2.45055e-14
35.2	4.66251e-14	0	0	-4.53981e-14	0	0	1.03049e-27	-2.33126e-14
35.25	4.43552e-14	0	0	-4.31896e-14	0	0	9.32669e-28	-2.21776e-14
35.3	4.21957e-14	0	0	-4.10884e-14	0	0	8.44127e-28	-2.10979e-14
35.35	4.01413e-14	0	0	-3.90893e-14	0	0	7.63987e-28	-2.00706e-14
35.4	3.81868e-14	0	0	-3.71875e-14	0	0	6.91453e-28	-1.90934e-14
35.45	3.63275e-14	0	0	-3.5378e-14	0	0	6.25803e-28	-1.81637e-14
35.5	3.45586e-14	0	0	-3.36566e-14	0	0	5.66384e-28	-1.72793e-14
35.55	3.28757e-14	0	0	-3.20189e-14	0	0	5.12604e-28	-1.64379e-14
35.6	3.12748e-14	0	0	-3.04608e-14	0	0	4.6393e-28	-1.56374e-14
35.65	2.97517e-14	0	0	-2.89784e-14	0	0	4.19875e-28	-1.48759e-14
35.7	2.83028e-14	0	0	-2.75682e-14	0	0	3.80002e-28	-1.41514e-14
35.75	2.69244e-14	0	0	-2.62265e-14	0	0	3.43915e-28	-1.34622e-14
35.8	2.56131e-14	0	0	-2.49501e-14	0	0	3.11253e-28	-1.28065e-14
35.85	2.43656e-14	0	0	-2.37357e-14	0	0	2.81692e-28	-1.21828e-14
35.9	2.31788e-14	0	0	-2.25804e-14	0	0	2.54938e-28	-1.15894e-14
35.95	2.20498e-14	0	0	-2.14813e-14	0	0	2.30724e-28	-1.10249e-14
36	2.09757e-14	0	0	-2.04357e-14	0	0	2.08809e-28	-1.04879e-14
36.05	1.99539e-14	0	0	-1.94409e-14	0	0	1.88974e-28	-9.97696e-15
36.1	1.89819e-14	0	0	-1.84945e-14	0	0	1.71023e-28	-9.49094e-15
36.15	1.80572e-14	0	0	-1.75941e-14	0	0	1.54777e-28	-9.02858e-15
36.2	1.71774e-14	0	0	-1.67376e-14	0	0	1.40074e-28	-8.58872e-15
36.25	1.63406e-14	0	0	-1.59227e-14	0	0	1.26766e-28	-8.17028e-15
36.3	1.55444e-14	0	0	-1.51475e-14	0	0	1.14723e-28	-7.77222e-15
36.35	1.47871e-14	0	0	-1.44099e-14	0	0	1.03823e-28	-7.39353e-15
36.4	1.40666e-14	0	0	-1.37083e-14	0	0	9.39587e-29	-7.03328e-15
36.45	1.33811e-14	0	0	-1.30408e-14	0	0	8.50312e-29	-6.69057e-15
36.5	1.27291e-14	0	0	-1.24058e-14	0	0	7.69516e-29	-6.36455e-15
36.55	1.21088e-14	0	0	-1.18017e-14	0	0	6.96395e-29	-6.05441e-15
36.6	1.15187e-14	0	0	-1.12269e-14	0	0	6.30219e-29	-5.75937e-15
36.65	1.09574e-14	0	0	-1.06802e-14	0	0	5.7033e-29	-5.47869e-15
36.7	1.04234e-14	0	0	-1.016e-14	0	0	5.1613e-29	-5.21169e-15
36.75	9.91538e-15	0	0	-9.66519e-15	0	0	4.6708e-29	-4.95769e-15
36.8	9.43212e-15	0	0	-9.19444e-15	0	0	4.22689e-29	-4.71606e-15
36.85	8.9724e-15	0	0	-8.7466e-15	0	0	3.82515e-29	-4.4862e-15
36.9	8.53507e-15	0	0	-8.32056e-15	0	0	3.46159e-29	-4.26753e-15
36.95	8.11904e-15	0	0	-7.91526e-15	0	0	3.13257e-29	-4.05952e-15
37	7.72328e-15	0	0	-7.52969e-15	0	0	2.83481e-29	-3.86164e-15
37.05	7.34679e-15	0	0	-7.16288e-15	0	0	2.56534e-29	-3.6734e-15
37.1	6.98865e-15	0	0	-6.81393e-15	0	0	2.32148e-29	-3.49432e-15
37.15	6.64795e-15	0	0	-6.48197e-15	0	0	2.1008e-29	-3.32398e-15
37.2	6.32385e-15	0	0	-6.16617e-15	0	0	1.90108e-29	-3.16193e-15
37.25	6.01554e-15	0	0	-5.86575e-15	0	0	1.72035e-29	-3.00777e-15
37.3	5.72226e-15	0	0	-5.57995e-15	0	0	1.55679e-29	-2.86113e-15
37.35	5.44326e-15	0	0	-5.30807e-15	0	0	1.40878e-29	-2.72163e-15
37.4	5.17786e-15	0	0	-5.04942e-15	0	0	1.27483e-29	-2.58893e-15
37.45	4.92539e-15	0	0	-4.80337e-15	0	0	1.15362e-29	-2.46269e-15
37.5	4.68522e-15	0	0	-4.56931e-15	0	0	1.04393e-29	-2.34261e-15
37.55	4.45675e-15	0	0	-4.34664e-15	0	0	9.44662e-30	-2.22838e-15
37.6	4.23942e-15	0	0	-4.13481e-15	0	0	8.54833e-30	-2.11971e-15
37.65	4.03268e-15	0	0	-3.9333e-15	0	0	7.73542e-30	-2.01634e-15
37.7	3.83601e-15	0	0	-3.7416e-15	0	0	6.9998e-30	-1.91801e-15
37.75	3.64893e-15	0	0	-3.55924e-15	0	0	6.33411e-30	-1.82447e-15
37.8	3.47097e-15	0	0	-3.38577e-15	0	0	5.73171e-30	-1.73549e-15
37.85	3.30168e-15	0	0	-3.22074e-15	0	0	5.18658e-30	-1.65084e-15
37.9	3.14065e-15	0	0	-3.06375e-15	0	0	4.69328e-30	-1.57032e-15
37.95	2.98746e-15	0	0	-2.91441e-15	0	0	4.24688e-30	-1.49373e-15
38	2.84174e-15	0	0	-2.77234e-15	0	0	3.84293e-30	-1.42087e-15
38.05	2.70312e-15	0	0	-2.63719e-15	0	0	3.47739e-30	-1.35156e-15
38.1	2.57126e-15	0	0	-2.50863e-15	0	0	3.14661e-30	-1.28563e-15
38.15	2.44583e-15	0	0	-2.38633e-15	0	0	2.84728e-30	-1.22292e-15
38.2	2.32651e-15	0	0	-2.26999e-15	0	0	2.57642e-30	-1.16326e-15
38.25	2.21301e-15	0	0	-2.15931e-15	0	0	2.33132e-30	-1.10651e-15
38.3	2.10505e-15	0	0	-2.05403e-15	0	0	2.10953e-30	-1.05252e-15
38.35	2.00235e-15	0	0	-1.95388e-15	0	0	1.90883e-30	-1.00117e-15
38.4	1.90465e-15	0	0	-1.85861e-15	0	0	1.72722e-30	-9.52327e-16
38.45	1.81172e-15	0	0	-1.76798e-15	0	0	1.56288e-30	-9.05861e-16
38.5	1.72332e-15	0	0	-1.68177e-15	0	0	1.41418e-30	-8.61662e-16
38.55	1.63923e-15	0	0	-1.59976e-15	0	0	1.27962e-30	-8.19617e-16
38.6	1.55925e-15	0	0	-1.52175e-15	0	0	1.15786e-30	-7.79623e-16
38.65	1.48316e-15	0	0	-1.44753e-15	0	0	1.04768e-30	-7.4158e-16
38.7	1.41078e-15	0	0	-1.37694e-15	0	0	9.47979e-31	-7.05391e-16
38.75	1.34194e-15	0	0	-1.30978e-15	0	0	8.57766e-31	-6.70968e-16
38.8	1.27645e-15	0	0	-1.2459e-15	0	0	7.76136e-31	-6.38223e-16
38.85	1.21415e-15	0	0	-1.18513e-15	0	0	7.02271e-31	-6.07076e-16
38.9	1.15489e-15	0	0	-1.12733e-15	0	0	6.35435e-31	-5.77447e-16
38.95	1.09853e-15	0	0	-1.07234e-15	0	0	5.74957e-31	-5.49264e-16
39	1.04491e-15	0	0	-1.02003e-15	0	0	5.20233e-31	-5.22456e-16
39.05	9.9391e-16	0	0	-9.70275e-16	0	0	4.70717e-31	-4.96955e-16
39.1	9.45396e-16	0	0	-9.22943e-16	0	0	4.25912e-31	-4.72698e-16
39.15	8.99249e-16	0	0	-8.77918e-16	0	0	3.8537e-31	-4.49624e-16
39.2	8.55353e-16	0	0	-8.35089e-16	0	0	3.48687e-31	-4.27676e-16
39.25	8.13599e-16	0	0	-7.94348e-16	0	0	3.15494e-31	-4.06799e-16
39.3	7.73881e-16	0	0	-7.55593e-16	0	0	2.8546e-31	-3.86941e-16
39.35	7.36102e-16	0	0	-7.18728e-16	0	0	2.58285e-31	-3.68051e-16
39.4	7.00165e-16	0	0	-6.8366e-16	0	0	2.33695e-31	-3.50083e-16
39.45	6.65982e-16	0	0	-6.50302e-16	0	0	2.11447e-31	-3.32991e-16
39.5	6.33467e-16	0	0	-6.18571e-16	0	0	1.91315e-31	-3.16734e-16
39.55	6.02538e-16	0	0	-5.88387e-16	0	0	1.731e-31	-3.01269e-16
39.6	5.73119e-16	0	0	-5.59676e-16	0	0	1.56618e-31	-2.8656e-16
39.65	5.45135e-16	0	0	-5.32364e-16	0	0	1.41706e-31	-2.72568e-16
39.7	5.18517e-16	0	0	-5.06384e-16	0	0	1.28213e-31	-2.59259e-16
39.75	4.93198e-16	0	0	-4.81672e-16	0	0	1.16004e-31	-2.46599e-16
39.8	4.69114e-16	0	0	-4.58164e-16	0	0	1.04957e-31	-2.34557e-16
39.85	4.46206e-16	0	0	-4.35804e-16	0	0	9.49624e-32	-2.23103e-16
39.9	4.24416e-16	0	0	-4.14534e-16	0	0	8.59191e-32	-2.12208e-16
39.95	4.03689e-16	0	0	-3.94301e-16	0	0	7.77367e-32	-2.01845e-16
40	3.83974e-16	0	0	-3.75055e-16	0	0	7.03333e-32	-1.91987e-16
40.05	3.65221e-16	0	0	-3.56749e-16	0	0	6.36348e-32	-1.82611e-16
40.1	3.47384e-16	0	0	-3.39335e-16	0	0	5.75741e-32	-1.73692e-16
40.15	3.30417e-16	0	0	-3.22771e-16	0	0	5.20904e-32	-1.65209e-16
40.2	3.14279e-16	0	0	-3.07014e-16	0	0	4.71289e-32	-1.57139e-16
40.25	2.98928e-16	0	0	-2.92027e-16	0	0	4.26398e-32	-1.49464e-16
40.3	2.84327e-16	0	0	-2.77771e-16	0	0	3.85782e-32	-1.42163e-16
40.35	2.70438e-16	0	0	-2.6421e-16	0	0	3.49034e-32	-1.35219e-16
40.4	2.57228e-16	0	0	-2.51311e-16	0	0	3.15785e-32	-1.28614e-16
40.45	2.44662e-16	0	0	-2.39041e-16	0	0	2.85703e-32	-1.22331e-16
40.5	2.3271e-16	0	0	-2.2737e-16	0	0	2.58486e-32	-1.16355e-16
40.55	2.21342e-16	0	0	-2.16269e-16	0	0	2.3386e-32	-1.10671e-16
40.6	2.10528e-16	0	0	-2.05709e-16	0	0	2.1158e-32	-1.05264e-16
40.65	2.00243e-16	0	0	-1.95664e-16	0	0	1.91423e-32	-1.00121e-16
40.7	1.90459e-16	0	0	-1.8611e-16	0	0	1.73185e-32	-9.52297e-17
40.75	1.81154e-16	0	0	-1.77022e-16	0	0	1.56684e-32	-9.0577e-17
40.8	1.72303e-16	0	0	-1.68377e-16	0	0	1.41755e-32	-8.61514e-17
40.85	1.63884e-16	0	0	-1.60155e-16	0	0	1.28248e-32	-8.1942e-17
40.9	1.55876e-16	0	0	-1.52334e-16	0	0	1.16028e-32	-7.79381e-17
40.95	1.4826e-16	0	0	-1.44894e-16	0	0	1.04971e-32	-7.41298e-17
41	1.41015e-16	0	0	-1.37818e-16	0	0	9.49685e-33	-7.05074e-17
41.05	1.34124e-16	0	0	-1.31087e-16	0	0	8.59185e-33	-6.7062e-17
41.1	1.2757e-16	0	0	-1.24684e-16	0	0	7.77307e-33	-6.37848e-17
41.15	1.21335e-16	0	0	-1.18594e-16	0	0	7.03229e-33	-6.06677e-17
41.2	1.15406e-16	0	0	-1.12802e-16	0	0	6.36209e-33	-5.77029e-17
41.25	1.09766e-16	0	0	-1.07292e-16	0	0	5.75575e-33	-5.48828e-17
41.3	1.04401e-16	0	0	-1.02051e-16	0	0	5.20718e-33	-5.22005e-17
41.35	9.92985e-17	0	0	-9.70658e-17	0	0	4.71088e-33	-4.96493e-17
41.4	9.44452e-17	0	0	-9.23241e-17	0	0	4.26187e-33	-4.72226e-17
41.45	8.9829e-17	0	0	-8.7814e-17	0	0	3.85565e-33	-4.49145e-17
41.5	8.54383e-17	0	0	-8.3524e-17	0	0	3.48813e-33	-4.27192e-17
41.55	8.12621e-17	0	0	-7.94435e-17	0	0	3.15564e-33	-4.06311e-17
41.6	7.72899e-17	0	0	-7.55623e-17	0	0	2.85483e-33	-3.8645e-17
41.65	7.35118e-17	0	0	-7.18706e-17	0	0	2.58269e-33	-3.67559e-17
41.7	6.99183e-17	0	0	-6.83591e-17	0	0	2.33648e-33	-3.49592e-17
41.75	6.65003e-17	0	0	-6.50191e-17	0	0	2.11374e-33	-3.32502e-17
41.8	6.32494e-17	0	0	-6.18422e-17	0	0	1.91223e-33	-3.16247e-17
41.85	6.01573e-17	0	0	-5.88205e-17	0	0	1.72992e-33	-3.00786e-17
41.9	5.72163e-17	0	0	-5.59463e-17	0	0	1.56499e-33	-2.86081e-17
41.95	5.44189e-17	0	0	-5.32125e-17	0	0	1.41578e-33	-2.72095e-17
42	5.17583e-17	0	0	-5.06122e-17	0	0	1.2808e-33	-2.58792e-17
42.05	4.92277e-17	0	0	-4.81389e-17	0	0	1.15867e-33	-2.46139e-17
42.1	4.68208e-17	0	0	-4.57864e-17	0	0	1.0482e-33	-2.34104e-17
42.15	4.45315e-17	0	0	-4.35488e-17	0	0	9.48247e-34	-2.22657e-17
42.2	4.2354e-17	0	0	-4.14205e-17	0	0	8.57827e-34	-2.1177e-17
42.25	4.0283e-17	0	0	-3.93961e-17	0	0	7.76027e-34	-2.01415e-17
42.3	3.83132e-17	0	0	-3.74707e-17	0	0	7.02025e-34	-1.91566e-17
42.35	3.64397e-17	0	0	-3.56392e-17	0	0	6.35078e-34	-1.82198e-17
42.4	3.46577e-17	0	0	-3.38973e-17	0	0	5.74514e-34	-1.73288e-17
42.45	3.29628e-17	0	0	-3.22405e-17	0	0	5.19724e-34	-1.64814e-17
42.5	3.13508e-17	0	0	-3.06646e-17	0	0	4.70157e-34	-1.56754e-17
42.55	2.98176e-17	0	0	-2.91656e-17	0	0	4.25317e-34	-1.49088e-17
42.6	2.83593e-17	0	0	-2.774e-17	0	0	3.84753e-34	-1.41796e-17
42.65	2.69723e-17	0	0	-2.63839e-17	0	0	3.48056e-34	-1.34861e-17
42.7	2.56531e-17	0	0	-2.50941e-17	0	0	3.14858e-34	-1.28266e-17
42.75	2.43984e-17	0	0	-2.38674e-17	0	0	2.84826e-34	-1.21992e-17
42.8	2.3205e-17	0	0	-2.27006e-17	0	0	2.57658e-34	-1.16025e-17
42.85	2.207e-17	0	0	-2.15908e-17	0	0	2.3308e-34	-1.1035e-17
42.9	2.09905e-17	0	0	-2.05352e-17	0	0	2.10847e-34	-1.04952e-17
42.95	1.99637e-17	0	0	-1.95312e-17	0	0	1.90734e-34	-9.98185e-18
43	1.89871e-17	0	0	-1.85763e-17	0	0	1.72539e-34	-9.49357e-18
43.05	1.80583e-17	0	0	-1.7668e-17	0	0	1.56079e-34	-9.02916e-18
43.1	1.71749e-17	0	0	-1.68041e-17	0	0	1.41189e-34	-8.58746e-18
43.15	1.63347e-17	0	0	-1.59824e-17	0	0	1.27719e-34	-8.16736e-18
43.2	1.55356e-17	0	0	-1.52009e-17	0	0	1.15534e-34	-7.7678e-18
43.25	1.47756e-17	0	0	-1.44576e-17	0	0	1.04511e-34	-7.38778e-18
43.3	1.40527e-17	0	0	-1.37506e-17	0	0	9.454e-35	-7.02634e-18
43.35	1.33651e-17	0	0	-1.30782e-17	0	0	8.55197e-35	-6.68257e-18
43.4	1.27112e-17	0	0	-1.24386e-17	0	0	7.73599e-35	-6.35561e-18
43.45	1.20893e-17	0	0	-1.18303e-17	0	0	6.99785e-35	-6.04465e-18
43.5	1.14978e-17	0	0	-1.12518e-17	0	0	6.33012e-35	-5.74889e-18
43.55	1.09352e-17	0	0	-1.07015e-17	0	0	5.72609e-35	-5.4676e-18
43.6	1.04001e-17	0	0	-1.01781e-17	0	0	5.17968e-35	-5.20006e-18
43.65	9.89121e-18	0	0	-9.68029e-18	0	0	4.6854e-35	-4.94561e-18
43.7	9.4072e-18	0	0	-9.20682e-18	0	0	4.23828e-35	-4.7036e-18
43.75	8.94686e-18	0	0	-8.7565e-18	0	0	3.83381e-35	-4.47343e-18
43.8	8.50903e-18	0	0	-8.32819e-18	0	0	3.46794e-35	-4.25452e-18
43.85	8.09262e-18	0	0	-7.92082e-18	0	0	3.13697e-35	-4.04631e-18
43.9	7.69658e-18	0	0	-7.53337e-18	0	0	2.83759e-35	-3.84829e-18
43.95	7.31991e-18	0	0	-7.16487e-18	0	0	2.56676e-35	-3.65996e-18
44	6.96167e-18	0	0	-6.81437e-18	0	0	2.32178e-35	-3.48084e-18
44.05	6.62095e-18	0	0	-6.48102e-18	0	0	2.10018e-35	-3.31048e-18
44.1	6.2969e-18	0	0	-6.16397e-18	0	0	1.89972e-35	-3.14845e-18
44.15	5.9887e-18	0	0	-5.86241e-18	0	0	1.7184e-35	-2.99435e-18
44.2	5.69558e-18	0	0	-5.57561e-18	0	0	1.55437e-35	-2.84779e-18
44.25	5.4168e-18	0	0	-5.30283e-18	0	0	1.406e-35	-2.7084e-18
44.3	5.15166e-18	0	0	-5.04338e-18	0	0	1.27179e-35	-2.57583e-18
44.35	4.89949e-18	0	0	-4.79663e-18	0	0	1.15038e-35	-2.44975e-18
44.4	4.65966e-18	0	0	-4.56194e-18	0	0	1.04056e-35	-2.32983e-18
44.45	4.43156e-18	0	0	-4.33873e-18	0	0	9.41228e-36	-2.21578e-18
44.5	4.21463e-18	0	0	-4.12643e-18	0	0	8.51373e-36	-2.10731e-18
44.55	4.0083e-18	0	0	-3.92452e-18	0	0	7.70094e-36	-2.00415e-18
44.6	3.81208e-18	0	0	-3.73249e-18	0	0	6.96572e-36	-1.90604e-18
44.65	3.62545e-18	0	0	-3.54984e-18	0	0	6.30068e-36	-1.81273e-18
44.7	3.44796e-18	0	0	-3.37613e-18	0	0	5.69912e-36	-1.72398e-18
44.75	3.27916e-18	0	0	-3.21091e-18	0	0	5.15499e-36	-1.63958e-18
44.8	3.11861e-18	0	0	-3.05378e-18	0	0	4.66279e-36	-1.5593e-18
44.85	2.96592e-18	0	0	-2.90433e-18	0	0	4.21758e-36	-1.48296e-18
44.9	2.8207e-18	0	0	-2.7622e-18	0	0	3.81486e-36	-1.41035e-18
44.95	2.68259e-18	0	0	-2.62701e-18	0	0	3.45059e-36	-1.3413e-18
45	2.55124e-18	0	0	-2.49844e-18	0	0	3.1211e-36	-1.27562e-18
45.05	2.42632e-18	0	0	-2.37616e-18	0	0	2.82306e-36	-1.21316e-18
45.1	2.30751e-18	0	0	-2.25986e-18	0	0	2.55348e-36	-1.15376e-18
45.15	2.19452e-18	0	0	-2.14925e-18	0	0	2.30963e-36	-1.09726e-18
45.2	2.08706e-18	0	0	-2.04405e-18	0	0	2.08907e-36	-1.04353e-18
45.25	1.98486e-18	0	0	-1.944e-18	0	0	1.88956e-36	-9.92428e-19
45.3	1.88766e-18	0	0	-1.84884e-18	0	0	1.70911e-36	-9.43828e-19
45.35	1.79521e-18	0	0	-1.75834e-18	0	0	1.54588e-36	-8.97607e-19
45.4	1.7073e-18	0	0	-1.67227e-18	0	0	1.39824e-36	-8.53648e-19
45.45	1.62368e-18	0	0	-1.5904e-18	0	0	1.26469e-36	-8.11842e-19
45.5	1.54416e-18	0	0	-1.51255e-18	0	0	1.1439e-36	-7.72082e-19
45.55	1.46854e-18	0	0	-1.4385e-18	0	0	1.03464e-36	-7.34268e-19
45.6	1.39661e-18	0	0	-1.36808e-18	0	0	9.35819e-37	-6.98305e-19
45.65	1.32821e-18	0	0	-1.3011e-18	0	0	8.46432e-37	-6.64104e-19
45.7	1.26315e-18	0	0	-1.2374e-18	0	0	7.65581e-37	-6.31576e-19
45.75	1.20128e-18	0	0	-1.17682e-18	0	0	6.92451e-37	-6.00641e-19
45.8	1.14244e-18	0	0	-1.1192e-18	0	0	6.26305e-37	-5.71221e-19
45.85	1.08648e-18	0	0	-1.0644e-18	0	0	5.66477e-37	-5.4324e-19
45.9	1.03326e-18	0	0	-1.01229e-18	0	0	5.12362e-37	-5.1663e-19
45.95	9.82647e-19	0	0	-9.62721e-19	0	0	4.63416e-37	-4.91323e-19
46	9.3451e-19	0	0	-9.15581e-19	0	0	4.19144e-37	-4.67255e-19
46.05	8.88731e-19	0	0	-8.70749e-19	0	0	3.79102e-37	-4.44366e-19
46.1	8.45194e-19	0	0	-8.2811e-19	0	0	3.42883e-37	-4.22597e-19
46.15	8.03788e-19	0	0	-7.87559e-19	0	0	3.10125e-37	-4.01894e-19
46.2	7.64411e-19	0	0	-7.48992e-19	0	0	2.80495e-37	-3.82205e-19
46.25	7.26961e-19	0	0	-7.12314e-19	0	0	2.53695e-37	-3.6348e-19
46.3	6.91345e-19	0	0	-6.7743e-19	0	0	2.29456e-37	-3.45673e-19
46.35	6.57474e-19	0	0	-6.44255e-19	0	0	2.07532e-37	-3.28737e-19
46.4	6.25261e-19	0	0	-6.12703e-19	0	0	1.87702e-37	-3.1263e-19
46.45	5.94626e-19	0	0	-5.82696e-19	0	0	1.69767e-37	-2.97313e-19
46.5	5.65491e-19	0	0	-5.54157e-19	0	0	1.53545e-37	-2.82746e-19
46.55	5.37783e-19	0	0	-5.27016e-19	0	0	1.38873e-37	-2.68892e-19
46.6	5.11432e-19	0	0	-5.01204e-19	0	0	1.25603e-37	-2.55716e-19
46.65	4.86372e-19	0	0	-4.76655e-19	0	0	1.136e-37	-2.43186e-19
46.7	4.62539e-19	0	0	-4.53308e-19	0	0	1.02744e-37	-2.3127e-19
46.75	4.39874e-19	0	0	-4.31104e-19	0	0	9.29254e-38	-2.19937e-19
46.8	4.18319e-19	0	0	-4.09988e-19	0	0	8.40449e-38	-2.09159e-19
46.85	3.97819e-19	0	0	-3.89905e-19	0	0	7.60128e-38	-1.9891e-19
46.9	3.78324e-19	0	0	-3.70805e-19	0	0	6.87482e-38	-1.89162e-19
46.95	3.59784e-19	0	0	-3.52641e-19	0	0	6.21778e-38	-1.79892e-19
47	3.42152e-19	0	0	-3.35366e-19	0	0	5.62352e-38	-1.71076e-19
47.05	3.25384e-19	0	0	-3.18937e-19	0	0	5.08604e-38	-1.62692e-19
47.1	3.09437e-19	0	0	-3.03312e-19	0	0	4.59992e-38	-1.54718e-19
47.15	2.94271e-19	0	0	-2.88453e-19	0	0	4.16026e-38	-1.47136e-19
47.2	2.79848e-19	0	0	-2.74321e-19	0	0	3.76261e-38	-1.39924e-19
47.25	2.66132e-19	0	0	-2.60882e-19	0	0	3.40296e-38	-1.33066e-19
47.3	2.53088e-19	0	0	-2.481e-19	0	0	3.07768e-38	-1.26544e-19
47.35	2.40683e-19	0	0	-2.35944e-19	0	0	2.78349e-38	-1.20342e-19
47.4	2.28886e-19	0	0	-2.24384e-19	0	0	2.51741e-38	-1.14443e-19
47.45	2.17667e-19	0	0	-2.1339e-19	0	0	2.27677e-38	-1.08833e-19
47.5	2.06997e-19	0	0	-2.02934e-19	0	0	2.05912e-38	-1.03499e-19
47.55	1.96851e-19	0	0	-1.92991e-19	0	0	1.86227e-38	-9.84253e-20
47.6	1.87201e-19	0	0	-1.83534e-19	0	0	1.68424e-38	-9.36006e-20
47.65	1.78024e-19	0	0	-1.74541e-19	0	0	1.52323e-38	-8.90122e-20
47.7	1.69297e-19	0	0	-1.65988e-19	0	0	1.3776e-38	-8.46487e-20
47.75	1.60998e-19	0	0	-1.57854e-19	0	0	1.2459e-38	-8.0499e-20
47.8	1.53105e-19	0	0	-1.50119e-19	0	0	1.12678e-38	-7.65526e-20
47.85	1.45599e-19	0	0	-1.42762e-19	0	0	1.01905e-38	-7.27997e-20
47.9	1.38461e-19	0	0	-1.35766e-19	0	0	9.21617e-39	-6.92306e-20
47.95	1.31673e-19	0	0	-1.29112e-19	0	0	8.33499e-39	-6.58365e-20
48	1.25217e-19	0	0	-1.22785e-19	0	0	7.53804e-39	-6.26087e-20
48.05	1.19078e-19	0	0	-1.16767e-19	0	0	6.81727e-39	-5.9539e-20
48.1	1.1324e-19	0	0	-1.11044e-19	0	0	6.16541e-39	-5.66199e-20
48.15	1.07688e-19	0	0	-1.05602e-19	0	0	5.57587e-39	-5.38438e-20
48.2	1.02407e-19	0	0	-1.00426e-19	0	0	5.04269e-39	-5.12037e-20
48.25	9.73861e-20	0	0	-9.55038e-20	0	0	4.56049e-39	-4.86931e-20
48.3	9.26109e-20	0	0	-9.08227e-20	0	0	4.12438e-39	-4.63055e-20
48.35	8.80698e-20	0	0	-8.6371e-20	0	0	3.72997e-39	-4.40349e-20
48.4	8.37513e-20	0	0	-8.21374e-20	0	0	3.37327e-39	-4.18756e-20
48.45	7.96444e-20	0	0	-7.81112e-20	0	0	3.05068e-39	-3.98222e-20
48.5	7.57388e-20	0	0	-7.42823e-20	0	0	2.75893e-39	-3.78694e-20
48.55	7.20247e-20	0	0	-7.0641e-20	0	0	2.49508e-39	-3.60124e-20
48.6	6.84927e-20	0	0	-6.71781e-20	0	0	2.25645e-39	-3.42463e-20
48.65	6.51337e-20	0	0	-6.3885e-20	0	0	2.04064e-39	-3.25669e-20
48.7	6.19395e-20	0	0	-6.07532e-20	0	0	1.84547e-39	-3.09697e-20
48.75	5.89018e-20	0	0	-5.77748e-20	0	0	1.66896e-39	-2.94509e-20
48.8	5.60131e-20	0	0	-5.49424e-20	0	0	1.50934e-39	-2.80066e-20
48.85	5.3266e-20	0	0	-5.22488e-20	0	0	1.36497e-39	-2.6633e-20
48.9	5.06535e-20	0	0	-4.96873e-20	0	0	1.23441e-39	-2.53268e-20
48.95	4.81692e-20	0	0	-4.72512e-20	0	0	1.11634e-39	-2.40846e-20
49	4.58066e-20	0	0	-4.49345e-20	0	0	1.00956e-39	-2.29033e-20
49.05	4.35599e-20	0	0	-4.27314e-20	0	0	9.12987e-40	-2.17799e-20
49.1	4.14233e-20	0	0	-4.06363e-20	0	0	8.25653e-40	-2.07117e-20
49.15	3.93915e-20	0	0	-3.86438e-20	0	0	7.46672e-40	-1.96958e-20
49.2	3.74593e-20	0	0	-3.6749e-20	0	0	6.75245e-40	-1.87297e-20
49.25	3.56219e-20	0	0	-3.49471e-20	0	0	6.10649e-40	-1.78109e-20
49.3	3.38745e-20	0	0	-3.32335e-20	0	0	5.52231e-40	-1.69373e-20
49.35	3.22128e-20	0	0	-3.16038e-20	0	0	4.99401e-40	-1.61064e-20
49.4	3.06326e-20	0	0	-3.00541e-20	0	0	4.51624e-40	-1.53163e-20
49.45	2.91299e-20	0	0	-2.85803e-20	0	0	4.08417e-40	-1.4565e-20
49.5	2.77009e-20	0	0	-2.71788e-20	0	0	3.69343e-40	-1.38505e-20
49.55	2.6342e-20	0	0	-2.5846e-20	0	0	3.34007e-40	-1.3171e-20
49.6	2.50497e-20	0	0	-2.45785e-20	0	0	3.0205e-40	-1.25248e-20
49.65	2.38208e-20	0	0	-2.33731e-20	0	0	2.73151e-40	-1.19104e-20
49.7	2.26521e-20	0	0	-2.22268e-20	0	0	2.47016e-40	-1.13261e-20
49.75	2.15408e-20	0	0	-2.11367e-20	0	0	2.23381e-40	-1.07704e-20
49.8	2.04839e-20	0	0	-2.01001e-20	0	0	2.02007e-40	-1.0242e-20
49.85	1.94789e-20	0	0	-1.91143e-20	0	0	1.82678e-40	-9.73946e-21
49.9	1.85232e-20	0	0	-1.81768e-20	0	0	1.65198e-40	-9.2616e-21
49.95	1.76144e-20	0	0	-1.72853e-20	0	0	1.49391e-40	-8.80718e-21
