0	5.61231	0	0	0	0	0	0	-2.80616
0.05	5.61231	0	0	0	0	0	0	-2.80616
0.1	5.61231	0	0	-0.280616	0	0	0.0393725	-2.80616
0.15	5.59828	0	0	-0.280616	0	0	0.0393725	-2.79914
0.2	5.58425	0	0	-0.279914	0	0	0.0391759	-2.79212
0.25	5.57025	0	0	-0.279212	0	0	0.0389798	-2.78513
0.3	5.55629	0	0	-0.278513	0	0	0.0387846	-2.77815
0.35	5.54237	0	0	-0.277815	0	0	0.0385905	-2.77118
0.4	5.52848	0	0	-0.277118	0	0	0.0383973	-2.76424
0.45	5.51462	0	0	-0.276424	0	0	0.0382051	-2.75731
0.5	5.5008	0	0	-0.275731	0	0	0.0380138	-2.7504
0.55	5.48701	0	0	-0.27504	0	0	0.0378235	-2.74351
0.6	5.47326	0	0	-0.274351	0	0	0.0376341	-2.73663
0.65	5.45954	0	0	-0.273663	0	0	0.0374457	-2.72977
0.7	5.44586	0	0	-0.272977	0	0	0.0372583	-2.72293
0.75	5.43221	0	0	-0.272293	0	0	0.0370717	-2.71611
0.8	5.4186	0	0	-0.271611	0	0	0.0368861	-2.7093
0.85	5.40502	0	0	-0.27093	0	0	0.0367015	-2.70251
0.9	5.39147	0	0	-0.270251	0	0	0.0365177	-2.69573
0.95	5.37796	0	0	-0.269573	0	0	0.0363349	-2.68898
1	5.36448	0	0	-0.268898	0	0	0.036153	-2.68224
1.05	5.35103	0	0	-0.268224	0	0	0.035972	-2.67552
1.1	5.33762	0	0	-0.267552	0	0	0.0357919	-2.66881
1.15	5.32424	0	0	-0.266881	0	0	0.0356128	-2.66212
1.2	5.3109	0	0	-0.266212	0	0	0.0354345	-2.65545
1.25	5.29759	0	0	-0.265545	0	0	0.0352571	-2.64879
1.3	5.28431	0	0	-0.264879	0	0	0.0350806	-2.64216
1.35	5.27107	0	0	-0.264216	0	0	0.0349049	-2.63553
1.4	5.25786	0	0	-0.263553	0	0	0.0347302	-2.62893
1.45	5.24468	0	0	-0.262893	0	0	0.0345563	-2.62234
1.5	5.23154	0	0	-0.262234	0	0	0.0343833	-2.61577
1.55	5.21842	0	0	-0.261577	0	0	0.0342112	-2.60921
1.6	5.20534	0	0	-0.260921	0	0	0.0340399	-2.60267
1.65	5.1923	0	0	-0.260267	0	0	0.0338695	-2.59615
1.7	5.17929	0	0	-0.259615	0	0	0.0337	-2.58964
1.75	5.1663	0	0	-0.258964	0	0	0.0335312	-2.58315
1.8	5.15336	0	0	-0.258315	0	0	0.0333634	-2.57668
1.85	5.14044	0	0	-0.257668	0	0	0.0331964	-2.57022
1.9	5.12756	0	0	-0.257022	0	0	0.0330302	-2.56378
1.95	5.11471	0	0	-0.256378	0	0	0.0328648	-2.55735
2	5.10189	0	0	-0.255735	0	0	0.0327003	-2.55094
2.05	5.0891	0	0	-0.255094	0	0	0.0325366	-2.54455
2.1	5.07635	0	0	-0.254455	0	0	0.0323737	-2.53817
2.15	5.06362	0	0	-0.253817	0	0	0.0322116	-2.53181
2.2	5.05093	0	0	-0.253181	0	0	0.0320503	-2.52547
2.25	5.03827	0	0	-0.252547	0	0	0.0318899	-2.51914
2.3	5.02565	0	0	-0.251914	0	0	0.0317302	-2.51282
2.35	5.01305	0	0	-0.251282	0	0	0.0315714	-2.50653
2.4	5.00049	0	0	-0.250653	0	0	0.0314133	-2.50024
2.45	4.98795	0	0	-0.250024	0	0	0.0312561	-2.49398
2.5	4.97545	0	0	-0.249398	0	0	0.0310996	-2.48773
2.55	4.96298	0	0	-0.248773	0	0	0.0309439	-2.48149
2.6	4.95054	0	0	-0.248149	0	0	0.030789	-2.47527
2.65	4.93814	0	0	-0.247527	0	0	0.0306349	-2.46907
2.7	4.92576	0	0	-0.246907	0	0	0.0304815	-2.46288
2.75	4.91341	0	0	-0.246288	0	0	0.0303289	-2.45671
2.8	4.9011	0	0	-0.245671	0	0	0.0301771	-2.45055
2.85	4.88882	0	0	-0.245055	0	0	0.030026	-2.44441
2.9	4.87656	0	0	-0.244441	0	0	0.0298757	-2.43828
2.95	4.86434	0	0	-0.243828	0	0	0.0297261	-2.43217
3	4.85215	0	0	-0.243217	0	0	0.0295773	-2.42608
3.05	4.83999	0	0	-0.242608	0	0	0.0294292	-2.41999
3.1	4.82786	0	0	-0.241999	0	0	0.0292819	-2.41393
3.15	4.81576	0	0	-0.241393	0	0	0.0291353	-2.40788
3.2	4.80369	0	0	-0.240788	0	0	0.0289894	-2.40184
3.25	4.79165	0	0	-0.240184	0	0	0.0288443	-2.39583
3.3	4.77964	0	0	-0.239583	0	0	0.0286999	-2.38982
3.35	4.76766	0	0	-0.238982	0	0	0.0285562	-2.38383
3.4	4.75571	0	0	-0.238383	0	0	0.0284132	-2.37786
3.45	4.74379	0	0	-0.237786	0	0	0.028271	-2.3719
3.5	4.7319	0	0	-0.23719	0	0	0.0281295	-2.36595
3.55	4.72004	0	0	-0.236595	0	0	0.0279886	-2.36002
3.6	4.70821	0	0	-0.236002	0	0	0.0278485	-2.35411
3.65	4.69641	0	0	-0.235411	0	0	0.0277091	-2.34821
3.7	4.68464	0	0	-0.234821	0	0	0.0275704	-2.34232
3.75	4.6729	0	0	-0.234232	0	0	0.0274324	-2.33645
3.8	4.66119	0	0	-0.233645	0	0	0.027295	-2.3306
3.85	4.64951	0	0	-0.23306	0	0	0.0271584	-2.32475
3.9	4.63786	0	0	-0.232475	0	0	0.0270224	-2.31893
3.95	4.62623	0	0	-0.231893	0	0	0.0268871	-2.31312
4	4.61464	0	0	-0.231312	0	0	0.0267525	-2.30732
4.05	4.60307	0	0	-0.230732	0	0	0.0266186	-2.30154
4.1	4.59154	0	0	-0.230154	0	0	0.0264853	-2.29577
4.15	4.58003	0	0	-0.229577	0	0	0.0263528	-2.29001
4.2	4.56855	0	0	-0.229001	0	0	0.0262208	-2.28427
4.25	4.5571	0	0	-0.228427	0	0	0.0260896	-2.27855
4.3	4.54568	0	0	-0.227855	0	0	0.0259589	-2.27284
4.35	4.53429	0	0	-0.227284	0	0	0.025829	-2.26714
4.4	4.52292	0	0	-0.226714	0	0	0.0256997	-2.26146
4.45	4.51159	0	0	-0.226146	0	0	0.025571	-2.25579
4.5	4.50028	0	0	-0.225579	0	0	0.025443	-2.25014
4.55	4.489	0	0	-0.225014	0	0	0.0253156	-2.2445
4.6	4.47775	0	0	-0.22445	0	0	0.0251889	-2.23887
4.65	4.46653	0	0	-0.223887	0	0	0.0250628	-2.23326
4.7	4.45533	0	0	-0.223326	0	0	0.0249373	-2.22767
4.75	4.44417	0	0	-0.222767	0	0	0.0248125	-2.22208
4.8	4.43303	0	0	-0.222208	0	0	0.0246883	-2.21651
4.85	4.42192	0	0	-0.221651	0	0	0.0245647	-2.21096
4.9	4.41083	0	0	-0.221096	0	0	0.0244417	-2.20542
4.95	4.39978	0	0	-0.220542	0	0	0.0243193	-2.19989
5	4.38875	0	0	-0.219989	0	0	0.0241976	-2.19438
5.05	4.37775	0	0	-0.219438	0	0	0.0240764	-2.18888
5.1	4.36678	0	0	-0.218888	0	0	0.0239559	-2.18339
5.15	4.35584	0	0	-0.218339	0	0	0.023836	-2.17792
5.2	4.34492	0	0	-0.217792	0	0	0.0237166	-2.17246
5.25	4.33403	0	0	-0.217246	0	0	0.0235979	-2.16701
5.3	4.32317	0	0	-0.216701	0	0	0.0234798	-2.16158
5.35	4.31233	0	0	-0.216158	0	0	0.0233622	-2.15617
5.4	4.30152	0	0	-0.215617	0	0	0.0232453	-2.15076
5.45	4.29074	0	0	-0.215076	0	0	0.0231289	-2.14537
5.5	4.27999	0	0	-0.214537	0	0	0.0230131	-2.13999
5.55	4.26926	0	0	-0.213999	0	0	0.0228979	-2.13463
5.6	4.25856	0	0	-0.213463	0	0	0.0227833	-2.12928
5.65	4.24789	0	0	-0.212928	0	0	0.0226692	-2.12394
5.7	4.23724	0	0	-0.212394	0	0	0.0225557	-2.11862
5.75	4.22662	0	0	-0.211862	0	0	0.0224428	-2.11331
5.8	4.21603	0	0	-0.211331	0	0	0.0223304	-2.10802
5.85	4.20546	0	0	-0.210802	0	0	0.0222186	-2.10273
5.9	4.19492	0	0	-0.210273	0	0	0.0221074	-2.09746
5.95	4.18441	0	0	-0.209746	0	0	0.0219967	-2.09221
6	4.17392	0	0	-0.209221	0	0	0.0218866	-2.08696
6.05	4.16346	0	0	-0.208696	0	0	0.021777	-2.08173
6.1	4.15303	0	0	-0.208173	0	0	0.021668	-2.07651
6.15	4.14262	0	0	-0.207651	0	0	0.0215595	-2.07131
6.2	4.13224	0	0	-0.207131	0	0	0.0214516	-2.06612
6.25	4.12188	0	0	-0.206612	0	0	0.0213442	-2.06094
6.3	4.11155	0	0	-0.206094	0	0	0.0212374	-2.05577
6.35	4.10124	0	0	-0.205577	0	0	0.021131	-2.05062
6.4	4.09097	0	0	-0.205062	0	0	0.0210253	-2.04548
6.45	4.08071	0	0	-0.204548	0	0	0.02092	-2.04036
6.5	4.07048	0	0	-0.204036	0	0	0.0208153	-2.03524
6.55	4.06028	0	0	-0.203524	0	0	0.0207111	-2.03014
6.6	4.05011	0	0	-0.203014	0	0	0.0206074	-2.02505
6.65	4.03996	0	0	-0.202505	0	0	0.0205042	-2.01998
6.7	4.02983	0	0	-0.201998	0	0	0.0204016	-2.01492
6.75	4.01973	0	0	-0.201492	0	0	0.0202994	-2.00987
6.8	4.00966	0	0	-0.200987	0	0	0.0201978	-2.00483
6.85	3.99961	0	0	-0.200483	0	0	0.0200967	-1.9998
6.9	3.98958	0	0	-0.19998	0	0	0.0199961	-1.99479
6.95	3.97958	0	0	-0.199479	0	0	0.019896	-1.98979
7	3.96961	0	0	-0.198979	0	0	0.0197964	-1.9848
7.05	3.95966	0	0	-0.19848	0	0	0.0196973	-1.97983
7.1	3.94974	0	0	-0.197983	0	0	0.0195986	-1.97487
7.15	3.93984	0	0	-0.197487	0	0	0.0195005	-1.96992
7.2	3.92996	0	0	-0.196992	0	0	0.0194029	-1.96498
7.25	3.92011	0	0	-0.196498	0	0	0.0193058	-1.96006
7.3	3.91029	0	0	-0.196006	0	0	0.0192091	-1.95514
7.35	3.90049	0	0	-0.195514	0	0	0.0191129	-1.95024
7.4	3.89071	0	0	-0.195024	0	0	0.0190173	-1.94536
7.45	3.88096	0	0	-0.194536	0	0	0.0189221	-1.94048
7.5	3.87123	0	0	-0.194048	0	0	0.0188273	-1.93562
7.55	3.86153	0	0	-0.193562	0	0	0.0187331	-1.93077
7.6	3.85185	0	0	-0.193077	0	0	0.0186393	-1.92593
7.65	3.8422	0	0	-0.192593	0	0	0.018546	-1.9211
7.7	3.83257	0	0	-0.19211	0	0	0.0184531	-1.91629
7.75	3.82297	0	0	-0.191629	0	0	0.0183607	-1.91148
7.8	3.81338	0	0	-0.191148	0	0	0.0182688	-1.90669
7.85	3.80383	0	0	-0.190669	0	0	0.0181774	-1.90191
7.9	3.79429	0	0	-0.190191	0	0	0.0180864	-1.89715
7.95	3.78478	0	0	-0.189715	0	0	0.0179958	-1.89239
8	3.7753	0	0	-0.189239	0	0	0.0179057	-1.88765
8.05	3.76584	0	0	-0.188765	0	0	0.0178161	-1.88292
8.1	3.7564	0	0	-0.188292	0	0	0.0177269	-1.8782
8.15	3.74698	0	0	-0.18782	0	0	0.0176382	-1.87349
8.2	3.73759	0	0	-0.187349	0	0	0.0175499	-1.8688
8.25	3.72822	0	0	-0.18688	0	0	0.017462	-1.86411
8.3	3.71888	0	0	-0.186411	0	0	0.0173746	-1.85944
8.35	3.70956	0	0	-0.185944	0	0	0.0172876	-1.85478
8.4	3.70026	0	0	-0.185478	0	0	0.017201	-1.85013
8.45	3.69099	0	0	-0.185013	0	0	0.0171149	-1.84549
8.5	3.68174	0	0	-0.184549	0	0	0.0170292	-1.84087
8.55	3.67251	0	0	-0.184087	0	0	0.016944	-1.83626
8.6	3.66331	0	0	-0.183626	0	0	0.0168592	-1.83165
8.65	3.65412	0	0	-0.183165	0	0	0.0167748	-1.82706
8.7	3.64497	0	0	-0.182706	0	0	0.0166908	-1.82248
8.75	3.63583	0	0	-0.182248	0	0	0.0166072	-1.81792
8.8	3.62672	0	0	-0.181792	0	0	0.0165241	-1.81336
8.85	3.61763	0	0	-0.181336	0	0	0.0164414	-1.80881
8.9	3.60856	0	0	-0.180881	0	0	0.0163591	-1.80428
8.95	3.59952	0	0	-0.180428	0	0	0.0162772	-1.79976
9	3.5905	0	0	-0.179976	0	0	0.0161957	-1.79525
9.05	3.5815	0	0	-0.179525	0	0	0.0161146	-1.79075
9.1	3.57252	0	0	-0.179075	0	0	0.0160339	-1.78626
9.15	3.56357	0	0	-0.178626	0	0	0.0159536	-1.78178
9.2	3.55464	0	0	-0.178178	0	0	0.0158738	-1.77732
9.25	3.54573	0	0	-0.177732	0	0	0.0157943	-1.77286
9.3	3.53684	0	0	-0.177286	0	0	0.0157152	-1.76842
9.35	3.52798	0	0	-0.176842	0	0	0.0156366	-1.76399
9.4	3.51914	0	0	-0.176399	0	0	0.0155583	-1.75957
9.45	3.51032	0	0	-0.175957	0	0	0.0154804	-1.75516
9.5	3.50152	0	0	-0.175516	0	0	0.0154029	-1.75076
9.55	3.49274	0	0	-0.175076	0	0	0.0153258	-1.74637
9.6	3.48399	0	0	-0.174637	0	0	0.0152491	-1.74199
9.65	3.47526	0	0	-0.174199	0	0	0.0151727	-1.73763
9.7	3.46655	0	0	-0.173763	0	0	0.0150968	-1.73327
9.75	3.45786	0	0	-0.173327	0	0	0.0150212	-1.72893
9.8	3.44919	0	0	-0.172893	0	0	0.014946	-1.7246
9.85	3.44055	0	0	-0.17246	0	0	0.0148712	-1.72027
9.9	3.43192	0	0	-0.172027	0	0	0.0147967	-1.71596
9.95	3.42332	0	0	-0.171596	0	0	0.0147226	-1.71166
10	3.41474	0	0	-0.171166	0	0	0.0146489	-1.70737
10.05	3.40618	0	0	-0.170737	0	0	0.0145756	-1.70309
10.1	3.39765	0	0	-0.170309	0	0	0.0145026	-1.69882
10.15	3.38913	0	0	-0.169882	0	0	0.01443	-1.69457
10.2	3.38064	0	0	-0.169457	0	0	0.0143578	-1.69032
10.25	3.37217	0	0	-0.169032	0	0	0.0142859	-1.68608
10.3	3.36371	0	0	-0.168608	0	0	0.0142144	-1.68186
10.35	3.35528	0	0	-0.168186	0	0	0.0141432	-1.67764
10.4	3.34687	0	0	-0.167764	0	0	0.0140724	-1.67344
10.45	3.33849	0	0	-0.167344	0	0	0.014002	-1.66924
10.5	3.33012	0	0	-0.166924	0	0	0.0139319	-1.66506
10.55	3.32177	0	0	-0.166506	0	0	0.0138621	-1.66089
10.6	3.31345	0	0	-0.166089	0	0	0.0137927	-1.65672
10.65	3.30514	0	0	-0.165672	0	0	0.0137237	-1.65257
10.7	3.29686	0	0	-0.165257	0	0	0.013655	-1.64843
10.75	3.2886	0	0	-0.164843	0	0	0.0135866	-1.6443
10.8	3.28035	0	0	-0.16443	0	0	0.0135186	-1.64018
10.85	3.27213	0	0	-0.164018	0	0	0.0134509	-1.63607
10.9	3.26393	0	0	-0.163607	0	0	0.0133836	-1.63197
10.95	3.25575	0	0	-0.163197	0	0	0.0133166	-1.62788
11	3.24759	0	0	-0.162788	0	0	0.0132499	-1.6238
11.05	3.23945	0	0	-0.16238	0	0	0.0131836	-1.61973
11.1	3.23133	0	0	-0.161973	0	0	0.0131176	-1.61567
11.15	3.22323	0	0	-0.161567	0	0	0.0130519	-1.61162
11.2	3.21516	0	0	-0.161162	0	0	0.0129865	-1.60758
11.25	3.2071	0	0	-0.160758	0	0	0.0129215	-1.60355
11.3	3.19906	0	0	-0.160355	0	0	0.0128568	-1.59953
11.35	3.19104	0	0	-0.159953	0	0	0.0127925	-1.59552
11.4	3.18304	0	0	-0.159552	0	0	0.0127284	-1.59152
11.45	3.17507	0	0	-0.159152	0	0	0.0126647	-1.58753
11.5	3.16711	0	0	-0.158753	0	0	0.0126013	-1.58355
11.55	3.15917	0	0	-0.158355	0	0	0.0125382	-1.57959
11.6	3.15125	0	0	-0.157959	0	0	0.0124755	-1.57563
11.65	3.14336	0	0	-0.157563	0	0	0.012413	-1.57168
11.7	3.13548	0	0	-0.157168	0	0	0.0123509	-1.56774
11.75	3.12762	0	0	-0.156774	0	0	0.012289	-1.56381
11.8	3.11978	0	0	-0.156381	0	0	0.0122275	-1.55989
11.85	3.11196	0	0	-0.155989	0	0	0.0121663	-1.55598
11.9	3.10416	0	0	-0.155598	0	0	0.0121054	-1.55208
11.95	3.09638	0	0	-0.155208	0	0	0.0120448	-1.54819
12	3.08862	0	0	-0.154819	0	0	0.0119845	-1.54431
12.05	3.08088	0	0	-0.154431	0	0	0.0119245	-1.54044
12.1	3.07316	0	0	-0.154044	0	0	0.0118648	-1.53658
12.15	3.06546	0	0	-0.153658	0	0	0.0118054	-1.53273
12.2	3.05777	0	0	-0.153273	0	0	0.0117463	-1.52889
12.25	3.05011	0	0	-0.152889	0	0	0.0116875	-1.52506
12.3	3.04247	0	0	-0.152506	0	0	0.011629	-1.52123
12.35	3.03484	0	0	-0.152123	0	0	0.0115708	-1.51742
12.4	3.02723	0	0	-0.151742	0	0	0.0115128	-1.51362
12.45	3.01965	0	0	-0.151362	0	0	0.0114552	-1.50982
12.5	3.01208	0	0	-0.150982	0	0	0.0113978	-1.50604
12.55	3.00453	0	0	-0.150604	0	0	0.0113408	-1.50227
12.6	2.997	0	0	-0.150227	0	0	0.011284	-1.4985
12.65	2.98949	0	0	-0.14985	0	0	0.0112275	-1.49474
12.7	2.982	0	0	-0.149474	0	0	0.0111713	-1.491
12.75	2.97452	0	0	-0.1491	0	0	0.0111154	-1.48726
12.8	2.96707	0	0	-0.148726	0	0	0.0110597	-1.48353
12.85	2.95963	0	0	-0.148353	0	0	0.0110044	-1.47982
12.9	2.95221	0	0	-0.147982	0	0	0.0109493	-1.47611
12.95	2.94481	0	0	-0.147611	0	0	0.0108945	-1.47241
13	2.93743	0	0	-0.147241	0	0	0.0108399	-1.46872
13.05	2.93007	0	0	-0.146872	0	0	0.0107856	-1.46504
13.1	2.92273	0	0	-0.146504	0	0	0.0107317	-1.46136
13.15	2.9154	0	0	-0.146136	0	0	0.0106779	-1.4577
13.2	2.9081	0	0	-0.14577	0	0	0.0106245	-1.45405
13.25	2.90081	0	0	-0.145405	0	0	0.0105713	-1.4504
13.3	2.89354	0	0	-0.14504	0	0	0.0105184	-1.44677
13.35	2.88629	0	0	-0.144677	0	0	0.0104657	-1.44314
13.4	2.87905	0	0	-0.144314	0	0	0.0104133	-1.43953
13.45	2.87184	0	0	-0.143953	0	0	0.0103612	-1.43592
13.5	2.86464	0	0	-0.143592	0	0	0.0103093	-1.43232
13.55	2.85746	0	0	-0.143232	0	0	0.0102577	-1.42873
13.6	2.8503	0	0	-0.142873	0	0	0.0102063	-1.42515
13.65	2.84315	0	0	-0.142515	0	0	0.0101552	-1.42158
13.7	2.83603	0	0	-0.142158	0	0	0.0101044	-1.41801
13.75	2.82892	0	0	-0.141801	0	0	0.0100538	-1.41446
13.8	2.82183	0	0	-0.141446	0	0	0.0100035	-1.41092
13.85	2.81476	0	0	-0.141092	0	0	0.00995341	-1.40738
13.9	2.8077	0	0	-0.140738	0	0	0.00990358	-1.40385
13.95	2.80067	0	0	-0.140385	0	0	0.009854	-1.40033
14	2.79365	0	0	-0.140033	0	0	0.00980466	-1.39682
14.05	2.78665	0	0	-0.139682	0	0	0.00975558	-1.39332
14.1	2.77966	0	0	-0.139332	0	0	0.00970674	-1.38983
14.15	2.77269	0	0	-0.138983	0	0	0.00965815	-1.38635
14.2	2.76575	0	0	-0.138635	0	0	0.00960979	-1.38287
14.25	2.75881	0	0	-0.138287	0	0	0.00956169	-1.37941
14.3	2.7519	0	0	-0.137941	0	0	0.00951382	-1.37595
14.35	2.745	0	0	-0.137595	0	0	0.00946619	-1.3725
14.4	2.73812	0	0	-0.13725	0	0	0.0094188	-1.36906
14.45	2.73126	0	0	-0.136906	0	0	0.00937164	-1.36563
14.5	2.72441	0	0	-0.136563	0	0	0.00932473	-1.36221
14.55	2.71759	0	0	-0.136221	0	0	0.00927805	-1.35879
14.6	2.71078	0	0	-0.135879	0	0	0.0092316	-1.35539
14.65	2.70398	0	0	-0.135539	0	0	0.00918538	-1.35199
14.7	2.6972	0	0	-0.135199	0	0	0.0091394	-1.3486
14.75	2.69044	0	0	-0.13486	0	0	0.00909364	-1.34522
14.8	2.6837	0	0	-0.134522	0	0	0.00904812	-1.34185
14.85	2.67698	0	0	-0.134185	0	0	0.00900282	-1.33849
14.9	2.67027	0	0	-0.133849	0	0	0.00895775	-1.33513
14.95	2.66357	0	0	-0.133513	0	0	0.0089129	-1.33179
15	2.6569	0	0	-0.133179	0	0	0.00886828	-1.32845
15.05	2.65024	0	0	-0.132845	0	0	0.00882389	-1.32512
15.1	2.6436	0	0	-0.132512	0	0	0.00877971	-1.3218
15.15	2.63697	0	0	-0.13218	0	0	0.00873576	-1.31849
15.2	2.63036	0	0	-0.131849	0	0	0.00869202	-1.31518
15.25	2.62377	0	0	-0.131518	0	0	0.00864851	-1.31189
15.3	2.61719	0	0	-0.131189	0	0	0.00860521	-1.3086
15.35	2.61063	0	0	-0.13086	0	0	0.00856213	-1.30532
15.4	2.60409	0	0	-0.130532	0	0	0.00851927	-1.30205
15.45	2.59757	0	0	-0.130205	0	0	0.00847662	-1.29878
15.5	2.59105	0	0	-0.129878	0	0	0.00843418	-1.29553
15.55	2.58456	0	0	-0.129553	0	0	0.00839196	-1.29228
15.6	2.57808	0	0	-0.129228	0	0	0.00834994	-1.28904
15.65	2.57162	0	0	-0.128904	0	0	0.00830814	-1.28581
15.7	2.56518	0	0	-0.128581	0	0	0.00826655	-1.28259
15.75	2.55875	0	0	-0.128259	0	0	0.00822516	-1.27937
15.8	2.55233	0	0	-0.127937	0	0	0.00818399	-1.27617
15.85	2.54594	0	0	-0.127617	0	0	0.00814302	-1.27297
15.9	2.53956	0	0	-0.127297	0	0	0.00810225	-1.26978
15.95	2.53319	0	0	-0.126978	0	0	0.00806169	-1.2666
16	2.52684	0	0	-0.12666	0	0	0.00802133	-1.26342
16.05	2.52051	0	0	-0.126342	0	0	0.00798117	-1.26026
16.1	2.51419	0	0	-0.126026	0	0	0.00794122	-1.2571
16.15	2.50789	0	0	-0.12571	0	0	0.00790146	-1.25395
16.2	2.50161	0	0	-0.125395	0	0	0.0078619	-1.2508
16.25	2.49534	0	0	-0.12508	0	0	0.00782254	-1.24767
16.3	2.48908	0	0	-0.124767	0	0	0.00778338	-1.24454
16.35	2.48284	0	0	-0.124454	0	0	0.00774442	-1.24142
16.4	2.47662	0	0	-0.124142	0	0	0.00770565	-1.23831
16.45	2.47041	0	0	-0.123831	0	0	0.00766707	-1.23521
16.5	2.46422	0	0	-0.123521	0	0	0.00762869	-1.23211
16.55	2.45805	0	0	-0.123211	0	0	0.00759049	-1.22902
16.6	2.45189	0	0	-0.122902	0	0	0.00755249	-1.22594
16.65	2.44574	0	0	-0.122594	0	0	0.00751468	-1.22287
16.7	2.43961	0	0	-0.122287	0	0	0.00747706	-1.21981
16.75	2.4335	0	0	-0.121981	0	0	0.00743963	-1.21675
16.8	2.4274	0	0	-0.121675	0	0	0.00740239	-1.2137
16.85	2.42131	0	0	-0.12137	0	0	0.00736533	-1.21066
16.9	2.41525	0	0	-0.121066	0	0	0.00732845	-1.20762
16.95	2.40919	0	0	-0.120762	0	0	0.00729177	-1.2046
17	2.40315	0	0	-0.12046	0	0	0.00725526	-1.20158
17.05	2.39713	0	0	-0.120158	0	0	0.00721894	-1.19857
17.1	2.39112	0	0	-0.119857	0	0	0.0071828	-1.19556
17.15	2.38513	0	0	-0.119556	0	0	0.00714684	-1.19257
17.2	2.37915	0	0	-0.119257	0	0	0.00711106	-1.18958
17.25	2.37319	0	0	-0.118958	0	0	0.00707546	-1.1866
17.3	2.36724	0	0	-0.11866	0	0	0.00704004	-1.18362
17.35	2.36131	0	0	-0.118362	0	0	0.0070048	-1.18065
17.4	2.35539	0	0	-0.118065	0	0	0.00696973	-1.1777
17.45	2.34949	0	0	-0.11777	0	0	0.00693484	-1.17474
17.5	2.3436	0	0	-0.117474	0	0	0.00690012	-1.1718
17.55	2.33773	0	0	-0.11718	0	0	0.00686557	-1.16886
17.6	2.33187	0	0	-0.116886	0	0	0.0068312	-1.16593
17.65	2.32602	0	0	-0.116593	0	0	0.006797	-1.16301
17.7	2.32019	0	0	-0.116301	0	0	0.00676298	-1.1601
17.75	2.31438	0	0	-0.11601	0	0	0.00672912	-1.15719
17.8	2.30858	0	0	-0.115719	0	0	0.00669543	-1.15429
17.85	2.30279	0	0	-0.115429	0	0	0.00666191	-1.1514
17.9	2.29702	0	0	-0.11514	0	0	0.00662856	-1.14851
17.95	2.29126	0	0	-0.114851	0	0	0.00659538	-1.14563
18	2.28552	0	0	-0.114563	0	0	0.00656236	-1.14276
18.05	2.27979	0	0	-0.114276	0	0	0.0065295	-1.1399
18.1	2.27408	0	0	-0.11399	0	0	0.00649682	-1.13704
18.15	2.26838	0	0	-0.113704	0	0	0.00646429	-1.13419
18.2	2.26269	0	0	-0.113419	0	0	0.00643193	-1.13135
18.25	2.25702	0	0	-0.113135	0	0	0.00639973	-1.12851
18.3	2.25137	0	0	-0.112851	0	0	0.00636769	-1.12568
18.35	2.24572	0	0	-0.112568	0	0	0.00633581	-1.12286
18.4	2.2401	0	0	-0.112286	0	0	0.00630409	-1.12005
18.45	2.23448	0	0	-0.112005	0	0	0.00627253	-1.11724
18.5	2.22888	0	0	-0.111724	0	0	0.00624113	-1.11444
18.55	2.22329	0	0	-0.111444	0	0	0.00620989	-1.11165
18.6	2.21772	0	0	-0.111165	0	0	0.0061788	-1.10886
18.65	2.21216	0	0	-0.110886	0	0	0.00614786	-1.10608
18.7	2.20662	0	0	-0.110608	0	0	0.00611709	-1.10331
18.75	2.20109	0	0	-0.110331	0	0	0.00608646	-1.10054
18.8	2.19557	0	0	-0.110054	0	0	0.00605599	-1.09779
18.85	2.19007	0	0	-0.109779	0	0	0.00602567	-1.09503
18.9	2.18458	0	0	-0.109503	0	0	0.00599551	-1.09229
18.95	2.17911	0	0	-0.109229	0	0	0.00596549	-1.08955
19	2.17364	0	0	-0.108955	0	0	0.00593563	-1.08682
19.05	2.1682	0	0	-0.108682	0	0	0.00590591	-1.0841
19.1	2.16276	0	0	-0.10841	0	0	0.00587635	-1.08138
19.15	2.15734	0	0	-0.108138	0	0	0.00584693	-1.07867
19.2	2.15194	0	0	-0.107867	0	0	0.00581766	-1.07597
19.25	2.14654	0	0	-0.107597	0	0	0.00578853	-1.07327
19.3	2.14116	0	0	-0.107327	0	0	0.00575955	-1.07058
19.35	2.1358	0	0	-0.107058	0	0	0.00573072	-1.0679
19.4	2.13044	0	0	-0.10679	0	0	0.00570203	-1.06522
19.45	2.1251	0	0	-0.106522	0	0	0.00567348	-1.06255
19.5	2.11978	0	0	-0.106255	0	0	0.00564508	-1.05989
19.55	2.11446	0	0	-0.105989	0	0	0.00561682	-1.05723
19.6	2.10916	0	0	-0.105723	0	0	0.0055887	-1.05458
19.65	2.10388	0	0	-0.105458	0	0	0.00556072	-1.05194
19.7	2.09861	0	0	-0.105194	0	0	0.00553288	-1.0493
19.75	2.09335	0	0	-0.10493	0	0	0.00550518	-1.04667
19.8	2.0881	0	0	-0.104667	0	0	0.00547762	-1.04405
19.85	2.08287	0	0	-0.104405	0	0	0.0054502	-1.04143
19.9	2.07765	0	0	-0.104143	0	0	0.00542291	-1.03882
19.95	2.07244	0	0	-0.103882	0	0	0.00539577	-1.03622
20	2.06724	0	0	-0.103622	0	0	0.00536875	-1.03362
20.05	2.06206	0	0	-0.103362	0	0	0.00534188	-1.03103
20.1	2.0569	0	0	-0.103103	0	0	0.00531513	-1.02845
20.15	2.05174	0	0	-0.102845	0	0	0.00528852	-1.02587
20.2	2.0466	0	0	-0.102587	0	0	0.00526205	-1.0233
20.25	2.04147	0	0	-0.10233	0	0	0.0052357	-1.02073
20.3	2.03635	0	0	-0.102073	0	0	0.00520949	-1.01818
20.35	2.03125	0	0	-0.101818	0	0	0.00518341	-1.01562
20.4	2.02616	0	0	-0.101562	0	0	0.00515746	-1.01308
20.45	2.02108	0	0	-0.101308	0	0	0.00513164	-1.01054
20.5	2.01601	0	0	-0.101054	0	0	0.00510595	-1.00801
20.55	2.01096	0	0	-0.100801	0	0	0.00508039	-1.00548
20.6	2.00592	0	0	-0.100548	0	0	0.00505496	-1.00296
20.65	2.00089	0	0	-0.100296	0	0	0.00502965	-1.00045
20.7	1.99588	0	0	-0.100045	0	0	0.00500447	-0.99794
20.75	1.99088	0	0	-0.099794	0	0	0.00497942	-0.995438
20.8	1.98589	0	0	-0.0995438	0	0	0.00495449	-0.992944
20.85	1.98091	0	0	-0.0992944	0	0	0.00492969	-0.990455
20.9	1.97595	0	0	-0.0990455	0	0	0.00490501	-0.987973
20.95	1.97099	0	0	-0.0987973	0	0	0.00488045	-0.985497
21	1.96605	0	0	-0.0985497	0	0	0.00485602	-0.983027
21.05	1.96113	0	0	-0.0983027	0	0	0.00483171	-0.980563
21.1	1.95621	0	0	-0.0980563	0	0	0.00480752	-0.978105
21.15	1.95131	0	0	-0.0978105	0	0	0.00478345	-0.975654
21.2	1.94642	0	0	-0.0975654	0	0	0.0047595	-0.973209
21.25	1.94154	0	0	-0.0973209	0	0	0.00473568	-0.970769
21.3	1.93667	0	0	-0.0970769	0	0	0.00471197	-0.968336
21.35	1.93182	0	0	-0.0968336	0	0	0.00468838	-0.96591
21.4	1.92698	0	0	-0.096591	0	0	0.00466491	-0.963489
21.45	1.92215	0	0	-0.0963489	0	0	0.00464155	-0.961074
21.5	1.91733	0	0	-0.0961074	0	0	0.00461832	-0.958665
21.55	1.91253	0	0	-0.0958665	0	0	0.00459519	-0.956263
21.6	1.90773	0	0	-0.0956263	0	0	0.00457219	-0.953866
21.65	1.90295	0	0	-0.0953866	0	0	0.0045493	-0.951475
21.7	1.89818	0	0	-0.0951475	0	0	0.00452653	-0.949091
21.75	1.89342	0	0	-0.0949091	0	0	0.00450386	-0.946712
21.8	1.88868	0	0	-0.0946712	0	0	0.00448132	-0.944339
21.85	1.88394	0	0	-0.0944339	0	0	0.00445888	-0.941972
21.9	1.87922	0	0	-0.0941972	0	0	0.00443656	-0.939612
21.95	1.87451	0	0	-0.0939612	0	0	0.00441435	-0.937257
22	1.86982	0	0	-0.0937257	0	0	0.00439225	-0.934908
22.05	1.86513	0	0	-0.0934908	0	0	0.00437026	-0.932564
22.1	1.86045	0	0	-0.0932564	0	0	0.00434838	-0.930227
22.15	1.85579	0	0	-0.0930227	0	0	0.00432661	-0.927896
22.2	1.85114	0	0	-0.0927896	0	0	0.00430495	-0.92557
22.25	1.8465	0	0	-0.092557	0	0	0.0042834	-0.92325
22.3	1.84187	0	0	-0.092325	0	0	0.00426196	-0.920936
22.35	1.83726	0	0	-0.0920936	0	0	0.00424062	-0.918628
22.4	1.83265	0	0	-0.0918628	0	0	0.00421939	-0.916326
22.45	1.82806	0	0	-0.0916326	0	0	0.00419827	-0.914029
22.5	1.82348	0	0	-0.0914029	0	0	0.00417725	-0.911739
22.55	1.81891	0	0	-0.0911739	0	0	0.00415634	-0.909454
22.6	1.81435	0	0	-0.0909454	0	0	0.00413553	-0.907174
22.65	1.8098	0	0	-0.0907174	0	0	0.00411483	-0.904901
22.7	1.80527	0	0	-0.0904901	0	0	0.00409423	-0.902633
22.75	1.80074	0	0	-0.0902633	0	0	0.00407373	-0.90037
22.8	1.79623	0	0	-0.090037	0	0	0.00405333	-0.898114
22.85	1.79173	0	0	-0.0898114	0	0	0.00403304	-0.895863
22.9	1.78724	0	0	-0.0895863	0	0	0.00401285	-0.893618
22.95	1.78276	0	0	-0.0893618	0	0	0.00399276	-0.891378
23	1.77829	0	0	-0.0891378	0	0	0.00397277	-0.889144
23.05	1.77383	0	0	-0.0889144	0	0	0.00395288	-0.886915
23.1	1.76939	0	0	-0.0886915	0	0	0.0039331	-0.884693
23.15	1.76495	0	0	-0.0884693	0	0	0.0039134	-0.882475
23.2	1.76053	0	0	-0.0882475	0	0	0.00389381	-0.880264
23.25	1.75611	0	0	-0.0880264	0	0	0.00387432	-0.878057
23.3	1.75171	0	0	-0.0878057	0	0	0.00385492	-0.875857
23.35	1.74732	0	0	-0.0875857	0	0	0.00383563	-0.873662
23.4	1.74294	0	0	-0.0873662	0	0	0.00381642	-0.871472
23.45	1.73858	0	0	-0.0871472	0	0	0.00379732	-0.869288
23.5	1.73422	0	0	-0.0869288	0	0	0.00377831	-0.867109
23.55	1.72987	0	0	-0.0867109	0	0	0.00375939	-0.864936
23.6	1.72554	0	0	-0.0864936	0	0	0.00374057	-0.862768
23.65	1.72121	0	0	-0.0862768	0	0	0.00372184	-0.860606
23.7	1.7169	0	0	-0.0860606	0	0	0.00370321	-0.858449
23.75	1.71259	0	0	-0.0858449	0	0	0.00368467	-0.856297
23.8	1.7083	0	0	-0.0856297	0	0	0.00366623	-0.854151
23.85	1.70402	0	0	-0.0854151	0	0	0.00364787	-0.85201
23.9	1.69975	0	0	-0.085201	0	0	0.00362961	-0.849875
23.95	1.69549	0	0	-0.0849875	0	0	0.00361144	-0.847745
24	1.69124	0	0	-0.0847745	0	0	0.00359336	-0.84562
24.05	1.687	0	0	-0.084562	0	0	0.00357537	-0.843501
24.1	1.68277	0	0	-0.0843501	0	0	0.00355747	-0.841387
24.15	1.67856	0	0	-0.0841387	0	0	0.00353966	-0.839278
24.2	1.67435	0	0	-0.0839278	0	0	0.00352194	-0.837175
24.25	1.67015	0	0	-0.0837175	0	0	0.00350431	-0.835077
24.3	1.66597	0	0	-0.0835077	0	0	0.00348676	-0.832984
24.35	1.66179	0	0	-0.0832984	0	0	0.00346931	-0.830896
24.4	1.65763	0	0	-0.0830896	0	0	0.00345194	-0.828813
24.45	1.65347	0	0	-0.0828813	0	0	0.00343466	-0.826736
24.5	1.64933	0	0	-0.0826736	0	0	0.00341746	-0.824664
24.55	1.64519	0	0	-0.0824664	0	0	0.00340036	-0.822597
24.6	1.64107	0	0	-0.0822597	0	0	0.00338333	-0.820536
24.65	1.63696	0	0	-0.0820536	0	0	0.00336639	-0.818479
24.7	1.63286	0	0	-0.0818479	0	0	0.00334954	-0.816428
24.75	1.62876	0	0	-0.0816428	0	0	0.00333277	-0.814382
24.8	1.62468	0	0	-0.0814382	0	0	0.00331609	-0.812341
24.85	1.62061	0	0	-0.0812341	0	0	0.00329949	-0.810305
24.9	1.61655	0	0	-0.0810305	0	0	0.00328297	-0.808274
24.95	1.6125	0	0	-0.0808274	0	0	0.00326653	-0.806248
25	1.60845	0	0	-0.0806248	0	0	0.00325018	-0.804227
25.05	1.60442	0	0	-0.0804227	0	0	0.00323391	-0.802212
25.1	1.6004	0	0	-0.0802212	0	0	0.00321772	-0.800201
25.15	1.59639	0	0	-0.0800201	0	0	0.00320161	-0.798196
25.2	1.59239	0	0	-0.0798196	0	0	0.00318558	-0.796195
25.25	1.5884	0	0	-0.0796195	0	0	0.00316963	-0.7942
25.3	1.58442	0	0	-0.07942	0	0	0.00315377	-0.792209
25.35	1.58045	0	0	-0.0792209	0	0	0.00313798	-0.790224
25.4	1.57649	0	0	-0.0790224	0	0	0.00312227	-0.788243
25.45	1.57254	0	0	-0.0788243	0	0	0.00310664	-0.786268
25.5	1.56859	0	0	-0.0786268	0	0	0.00309108	-0.784297
25.55	1.56466	0	0	-0.0784297	0	0	0.00307561	-0.782331
25.6	1.56074	0	0	-0.0782331	0	0	0.00306021	-0.780371
25.65	1.55683	0	0	-0.0780371	0	0	0.00304489	-0.778415
25.7	1.55293	0	0	-0.0778415	0	0	0.00302965	-0.776464
25.75	1.54904	0	0	-0.0776464	0	0	0.00301448	-0.774518
25.8	1.54515	0	0	-0.0774518	0	0	0.00299939	-0.772577
25.85	1.54128	0	0	-0.0772577	0	0	0.00298437	-0.77064
25.9	1.53742	0	0	-0.077064	0	0	0.00296943	-0.768709
25.95	1.53356	0	0	-0.0768709	0	0	0.00295457	-0.766782
26	1.52972	0	0	-0.0766782	0	0	0.00293978	-0.76486
26.05	1.52589	0	0	-0.076486	0	0	0.00292506	-0.762944
26.1	1.52206	0	0	-0.0762944	0	0	0.00291041	-0.761031
26.15	1.51825	0	0	-0.0761031	0	0	0.00289584	-0.759124
26.2	1.51444	0	0	-0.0759124	0	0	0.00288135	-0.757221
26.25	1.51065	0	0	-0.0757221	0	0	0.00286692	-0.755324
26.3	1.50686	0	0	-0.0755324	0	0	0.00285257	-0.753431
26.35	1.50308	0	0	-0.0753431	0	0	0.00283829	-0.751542
26.4	1.49932	0	0	-0.0751542	0	0	0.00282408	-0.749659
26.45	1.49556	0	0	-0.0749659	0	0	0.00280994	-0.74778
26.5	1.49181	0	0	-0.074778	0	0	0.00279587	-0.745906
26.55	1.48807	0	0	-0.0745906	0	0	0.00278188	-0.744036
26.6	1.48434	0	0	-0.0744036	0	0	0.00276795	-0.742171
26.65	1.48062	0	0	-0.0742171	0	0	0.00275409	-0.740311
26.7	1.47691	0	0	-0.0740311	0	0	0.0027403	-0.738456
26.75	1.47321	0	0	-0.0738456	0	0	0.00272659	-0.736605
26.8	1.46952	0	0	-0.0736605	0	0	0.00271294	-0.734759
26.85	1.46584	0	0	-0.0734759	0	0	0.00269935	-0.732918
26.9	1.46216	0	0	-0.0732918	0	0	0.00268584	-0.731081
26.95	1.4585	0	0	-0.0731081	0	0	0.00267239	-0.729248
27	1.45484	0	0	-0.0729248	0	0	0.00265902	-0.727421
27.05	1.4512	0	0	-0.0727421	0	0	0.0026457	-0.725598
27.1	1.44756	0	0	-0.0725598	0	0	0.00263246	-0.723779
27.15	1.44393	0	0	-0.0723779	0	0	0.00261928	-0.721965
27.2	1.44031	0	0	-0.0721965	0	0	0.00260617	-0.720156
27.25	1.4367	0	0	-0.0720156	0	0	0.00259312	-0.718351
27.3	1.4331	0	0	-0.0718351	0	0	0.00258014	-0.71655
27.35	1.42951	0	0	-0.071655	0	0	0.00256722	-0.714754
27.4	1.42593	0	0	-0.0714754	0	0	0.00255437	-0.712963
27.45	1.42235	0	0	-0.0712963	0	0	0.00254158	-0.711176
27.5	1.41879	0	0	-0.0711176	0	0	0.00252886	-0.709394
27.55	1.41523	0	0	-0.0709394	0	0	0.0025162	-0.707616
27.6	1.41168	0	0	-0.0707616	0	0	0.0025036	-0.705842
27.65	1.40815	0	0	-0.0705842	0	0	0.00249107	-0.704073
27.7	1.40462	0	0	-0.0704073	0	0	0.0024786	-0.702309
27.75	1.4011	0	0	-0.0702309	0	0	0.00246619	-0.700548
27.8	1.39759	0	0	-0.0700548	0	0	0.00245384	-0.698793
27.85	1.39408	0	0	-0.0698793	0	0	0.00244156	-0.697041
27.9	1.39059	0	0	-0.0697041	0	0	0.00242933	-0.695294
27.95	1.3871	0	0	-0.0695294	0	0	0.00241717	-0.693552
28	1.38363	0	0	-0.0693552	0	0	0.00240507	-0.691813
28.05	1.38016	0	0	-0.0691813	0	0	0.00239303	-0.69008
28.1	1.3767	0	0	-0.069008	0	0	0.00238105	-0.68835
28.15	1.37325	0	0	-0.068835	0	0	0.00236913	-0.686625
28.2	1.36981	0	0	-0.0686625	0	0	0.00235727	-0.684904
28.25	1.36637	0	0	-0.0684904	0	0	0.00234547	-0.683187
28.3	1.36295	0	0	-0.0683187	0	0	0.00233373	-0.681475
28.35	1.35953	0	0	-0.0681475	0	0	0.00232204	-0.679767
28.4	1.35613	0	0	-0.0679767	0	0	0.00231042	-0.678063
28.45	1.35273	0	0	-0.0678063	0	0	0.00229885	-0.676364
28.5	1.34934	0	0	-0.0676364	0	0	0.00228734	-0.674669
28.55	1.34596	0	0	-0.0674669	0	0	0.00227589	-0.672978
28.6	1.34258	0	0	-0.0672978	0	0	0.0022645	-0.671291
28.65	1.33922	0	0	-0.0671291	0	0	0.00225316	-0.669609
28.7	1.33586	0	0	-0.0669609	0	0	0.00224188	-0.667931
28.75	1.33251	0	0	-0.0667931	0	0	0.00223066	-0.666257
28.8	1.32917	0	0	-0.0666257	0	0	0.00221949	-0.664587
28.85	1.32584	0	0	-0.0664587	0	0	0.00220838	-0.662921
28.9	1.32252	0	0	-0.0662921	0	0	0.00219732	-0.66126
28.95	1.3192	0	0	-0.066126	0	0	0.00218632	-0.659602
29	1.3159	0	0	-0.0659602	0	0	0.00217538	-0.657949
29.05	1.3126	0	0	-0.0657949	0	0	0.00216449	-0.6563
29.1	1.30931	0	0	-0.06563	0	0	0.00215365	-0.654655
29.15	1.30603	0	0	-0.0654655	0	0	0.00214287	-0.653015
29.2	1.30276	0	0	-0.0653015	0	0	0.00213214	-0.651378
29.25	1.29949	0	0	-0.0651378	0	0	0.00212147	-0.649745
29.3	1.29623	0	0	-0.0649745	0	0	0.00211085	-0.648117
29.35	1.29299	0	0	-0.0648117	0	0	0.00210028	-0.646493
29.4	1.28974	0	0	-0.0646493	0	0	0.00208976	-0.644872
29.45	1.28651	0	0	-0.0644872	0	0	0.0020793	-0.643256
29.5	1.28329	0	0	-0.0643256	0	0	0.00206889	-0.641644
29.55	1.28007	0	0	-0.0641644	0	0	0.00205853	-0.640036
29.6	1.27686	0	0	-0.0640036	0	0	0.00204823	-0.638432
29.65	1.27366	0	0	-0.0638432	0	0	0.00203798	-0.636832
29.7	1.27047	0	0	-0.0636832	0	0	0.00202777	-0.635236
29.75	1.26729	0	0	-0.0635236	0	0	0.00201762	-0.633643
29.8	1.26411	0	0	-0.0633643	0	0	0.00200752	-0.632055
29.85	1.26094	0	0	-0.0632055	0	0	0.00199747	-0.630471
29.9	1.25778	0	0	-0.0630471	0	0	0.00198747	-0.628891
29.95	1.25463	0	0	-0.0628891	0	0	0.00197752	-0.627315
30	1.25149	0	0	-0.0627315	0	0	0.00196762	-0.625743
30.05	1.24835	0	0	-0.0625743	0	0	0.00195777	-0.624174
30.1	1.24522	0	0	-0.0624174	0	0	0.00194797	-0.62261
30.15	1.2421	0	0	-0.062261	0	0	0.00193822	-0.62105
30.2	1.23899	0	0	-0.062105	0	0	0.00192851	-0.619493
30.25	1.23588	0	0	-0.0619493	0	0	0.00191886	-0.61794
30.3	1.23278	0	0	-0.061794	0	0	0.00190925	-0.616392
30.35	1.22969	0	0	-0.0616392	0	0	0.00189969	-0.614847
30.4	1.22661	0	0	-0.0614847	0	0	0.00189018	-0.613306
30.45	1.22354	0	0	-0.0613306	0	0	0.00188072	-0.611769
30.5	1.22047	0	0	-0.0611769	0	0	0.00187131	-0.610236
30.55	1.21741	0	0	-0.0610236	0	0	0.00186194	-0.608706
30.6	1.21436	0	0	-0.0608706	0	0	0.00185262	-0.607181
30.65	1.21132	0	0	-0.0607181	0	0	0.00184334	-0.605659
30.7	1.20828	0	0	-0.0605659	0	0	0.00183411	-0.604141
30.75	1.20525	0	0	-0.0604141	0	0	0.00182493	-0.602627
30.8	1.20223	0	0	-0.0602627	0	0	0.00181579	-0.601116
30.85	1.19922	0	0	-0.0601116	0	0	0.0018067	-0.59961
30.9	1.19621	0	0	-0.059961	0	0	0.00179766	-0.598107
30.95	1.19322	0	0	-0.0598107	0	0	0.00178866	-0.596608
31	1.19023	0	0	-0.0596608	0	0	0.0017797	-0.595113
31.05	1.18724	0	0	-0.0595113	0	0	0.0017708	-0.593621
31.1	1.18427	0	0	-0.0593621	0	0	0.00176193	-0.592133
31.15	1.1813	0	0	-0.0592133	0	0	0.00175311	-0.590649
31.2	1.17834	0	0	-0.0590649	0	0	0.00174433	-0.589169
31.25	1.17538	0	0	-0.0589169	0	0	0.0017356	-0.587692
31.3	1.17244	0	0	-0.0587692	0	0	0.00172691	-0.586219
31.35	1.1695	0	0	-0.0586219	0	0	0.00171827	-0.58475
31.4	1.16657	0	0	-0.058475	0	0	0.00170966	-0.583285
31.45	1.16365	0	0	-0.0583285	0	0	0.0017011	-0.581823
31.5	1.16073	0	0	-0.0581823	0	0	0.00169259	-0.580365
31.55	1.15782	0	0	-0.0580365	0	0	0.00168412	-0.57891
31.6	1.15492	0	0	-0.057891	0	0	0.00167568	-0.577459
31.65	1.15202	0	0	-0.0577459	0	0	0.00166729	-0.576012
31.7	1.14914	0	0	-0.0576012	0	0	0.00165895	-0.574568
31.75	1.14626	0	0	-0.0574568	0	0	0.00165064	-0.573128
31.8	1.14338	0	0	-0.0573128	0	0	0.00164238	-0.571692
31.85	1.14052	0	0	-0.0571692	0	0	0.00163416	-0.570259
31.9	1.13766	0	0	-0.0570259	0	0	0.00162598	-0.56883
31.95	1.13481	0	0	-0.056883	0	0	0.00161784	-0.567404
32	1.13196	0	0	-0.0567404	0	0	0.00160974	-0.565982
32.05	1.12913	0	0	-0.0565982	0	0	0.00160168	-0.564563
32.1	1.1263	0	0	-0.0564563	0	0	0.00159366	-0.563148
32.15	1.12347	0	0	-0.0563148	0	0	0.00158568	-0.561737
32.2	1.12066	0	0	-0.0561737	0	0	0.00157774	-0.560329
32.25	1.11785	0	0	-0.0560329	0	0	0.00156984	-0.558925
32.3	1.11505	0	0	-0.0558925	0	0	0.00156198	-0.557524
32.35	1.11225	0	0	-0.0557524	0	0	0.00155417	-0.556127
32.4	1.10947	0	0	-0.0556127	0	0	0.00154638	-0.554733
32.45	1.10669	0	0	-0.0554733	0	0	0.00153864	-0.553343
32.5	1.10391	0	0	-0.0553343	0	0	0.00153094	-0.551956
32.55	1.10114	0	0	-0.0551956	0	0	0.00152328	-0.550572
32.6	1.09839	0	0	-0.0550572	0	0	0.00151565	-0.549193
32.65	1.09563	0	0	-0.0549193	0	0	0.00150806	-0.547816
32.7	1.09289	0	0	-0.0547816	0	0	0.00150051	-0.546443
32.75	1.09015	0	0	-0.0546443	0	0	0.001493	-0.545074
32.8	1.08741	0	0	-0.0545074	0	0	0.00148553	-0.543707
32.85	1.08469	0	0	-0.0543707	0	0	0.00147809	-0.542345
32.9	1.08197	0	0	-0.0542345	0	0	0.00147069	-0.540985
32.95	1.07926	0	0	-0.0540985	0	0	0.00146333	-0.53963
33	1.07655	0	0	-0.053963	0	0	0.001456	-0.538277
33.05	1.07386	0	0	-0.0538277	0	0	0.00144871	-0.536928
33.1	1.07116	0	0	-0.0536928	0	0	0.00144146	-0.535582
33.15	1.06848	0	0	-0.0535582	0	0	0.00143424	-0.53424
33.2	1.0658	0	0	-0.053424	0	0	0.00142706	-0.532901
33.25	1.06313	0	0	-0.0532901	0	0	0.00141992	-0.531566
33.3	1.06047	0	0	-0.0531566	0	0	0.00141281	-0.530233
33.35	1.05781	0	0	-0.0530233	0	0	0.00140574	-0.528904
33.4	1.05516	0	0	-0.0528904	0	0	0.0013987	-0.527579
33.45	1.05251	0	0	-0.0527579	0	0	0.0013917	-0.526257
33.5	1.04988	0	0	-0.0526257	0	0	0.00138473	-0.524938
33.55	1.04724	0	0	-0.0524938	0	0	0.0013778	-0.523622
33.6	1.04462	0	0	-0.0523622	0	0	0.0013709	-0.52231
33.65	1.042	0	0	-0.052231	0	0	0.00136404	-0.521001
33.7	1.03939	0	0	-0.0521001	0	0	0.00135721	-0.519695
33.75	1.03678	0	0	-0.0519695	0	0	0.00135041	-0.518392
33.8	1.03419	0	0	-0.0518392	0	0	0.00134365	-0.517093
33.85	1.03159	0	0	-0.0517093	0	0	0.00133693	-0.515797
33.9	1.02901	0	0	-0.0515797	0	0	0.00133023	-0.514504
33.95	1.02643	0	0	-0.0514504	0	0	0.00132357	-0.513215
34	1.02386	0	0	-0.0513215	0	0	0.00131695	-0.511929
34.05	1.02129	0	0	-0.0511929	0	0	0.00131035	-0.510646
34.1	1.01873	0	0	-0.0510646	0	0	0.00130379	-0.509366
34.15	1.01618	0	0	-0.0509366	0	0	0.00129727	-0.508089
34.2	1.01363	0	0	-0.0508089	0	0	0.00129077	-0.506816
34.25	1.01109	0	0	-0.0506816	0	0	0.00128431	-0.505545
34.3	1.00856	0	0	-0.0505545	0	0	0.00127788	-0.504278
34.35	1.00603	0	0	-0.0504278	0	0	0.00127148	-0.503015
34.4	1.00351	0	0	-0.0503015	0	0	0.00126512	-0.501754
34.45	1.00099	0	0	-0.0501754	0	0	0.00125878	-0.500496
34.5	0.998484	0	0	-0.0500496	0	0	0.00125248	-0.499242
34.55	0.995981	0	0	-0.0499242	0	0	0.00124621	-0.497991
34.6	0.993485	0	0	-0.0497991	0	0	0.00123997	-0.496743
34.65	0.990995	0	0	-0.0496743	0	0	0.00123377	-0.495498
34.7	0.988511	0	0	-0.0495498	0	0	0.00122759	-0.494256
34.75	0.986034	0	0	-0.0494256	0	0	0.00122144	-0.493017
34.8	0.983563	0	0	-0.0493017	0	0	0.00121533	-0.491781
34.85	0.981098	0	0	-0.0491781	0	0	0.00120924	-0.490549
34.9	0.978639	0	0	-0.0490549	0	0	0.00120319	-0.489319
34.95	0.976186	0	0	-0.0489319	0	0	0.00119717	-0.488093
35	0.973739	0	0	-0.0488093	0	0	0.00119117	-0.48687
35.05	0.971299	0	0	-0.048687	0	0	0.00118521	-0.485649
35.1	0.968865	0	0	-0.0485649	0	0	0.00117928	-0.484432
35.15	0.966436	0	0	-0.0484432	0	0	0.00117337	-0.483218
35.2	0.964014	0	0	-0.0483218	0	0	0.0011675	-0.482007
35.25	0.961598	0	0	-0.0482007	0	0	0.00116165	-0.480799
35.3	0.959188	0	0	-0.0480799	0	0	0.00115584	-0.479594
35.35	0.956784	0	0	-0.0479594	0	0	0.00115005	-0.478392
35.4	0.954386	0	0	-0.0478392	0	0	0.00114429	-0.477193
35.45	0.951994	0	0	-0.0477193	0	0	0.00113857	-0.475997
35.5	0.949608	0	0	-0.0475997	0	0	0.00113287	-0.474804
35.55	0.947228	0	0	-0.0474804	0	0	0.00112719	-0.473614
35.6	0.944854	0	0	-0.0473614	0	0	0.00112155	-0.472427
35.65	0.942486	0	0	-0.0472427	0	0	0.00111594	-0.471243
35.7	0.940124	0	0	-0.0471243	0	0	0.00111035	-0.470062
35.75	0.937768	0	0	-0.0470062	0	0	0.00110479	-0.468884
35.8	0.935417	0	0	-0.0468884	0	0	0.00109926	-0.467709
35.85	0.933073	0	0	-0.0467709	0	0	0.00109376	-0.466536
35.9	0.930734	0	0	-0.0466536	0	0	0.00108828	-0.465367
35.95	0.928402	0	0	-0.0465367	0	0	0.00108283	-0.464201
36	0.926075	0	0	-0.0464201	0	0	0.00107741	-0.463037
36.05	0.923754	0	0	-0.0463037	0	0	0.00107202	-0.461877
36.1	0.921439	0	0	-0.0461877	0	0	0.00106665	-0.460719
36.15	0.919129	0	0	-0.0460719	0	0	0.00106131	-0.459565
36.2	0.916826	0	0	-0.0459565	0	0	0.001056	-0.458413
36.25	0.914528	0	0	-0.0458413	0	0	0.00105071	-0.457264
36.3	0.912236	0	0	-0.0457264	0	0	0.00104545	-0.456118
36.35	0.90995	0	0	-0.0456118	0	0	0.00104022	-0.454975
36.4	0.907669	0	0	-0.0454975	0	0	0.00103501	-0.453834
36.45	0.905394	0	0	-0.0453834	0	0	0.00102983	-0.452697
36.5	0.903125	0	0	-0.0452697	0	0	0.00102467	-0.451562
36.55	0.900861	0	0	-0.0451562	0	0	0.00101954	-0.450431
36.6	0.898604	0	0	-0.0450431	0	0	0.00101444	-0.449302
36.65	0.896351	0	0	-0.0449302	0	0	0.00100936	-0.448176
36.7	0.894105	0	0	-0.0448176	0	0	0.00100431	-0.447052
36.75	0.891864	0	0	-0.0447052	0	0	0.00099928	-0.445932
36.8	0.889629	0	0	-0.0445932	0	0	0.000994277	-0.444814
36.85	0.887399	0	0	-0.0444814	0	0	0.000989299	-0.4437
36.9	0.885175	0	0	-0.04437	0	0	0.000984347	-0.442588
36.95	0.882957	0	0	-0.0442588	0	0	0.000979419	-0.441478
37	0.880744	0	0	-0.0441478	0	0	0.000974515	-0.440372
37.05	0.878536	0	0	-0.0440372	0	0	0.000969637	-0.439268
37.1	0.876334	0	0	-0.0439268	0	0	0.000964782	-0.438167
37.15	0.874138	0	0	-0.0438167	0	0	0.000959952	-0.437069
37.2	0.871947	0	0	-0.0437069	0	0	0.000955147	-0.435974
37.25	0.869762	0	0	-0.0435974	0	0	0.000950365	-0.434881
37.3	0.867582	0	0	-0.0434881	0	0	0.000945607	-0.433791
37.35	0.865408	0	0	-0.0433791	0	0	0.000940873	-0.432704
37.4	0.863239	0	0	-0.0432704	0	0	0.000936163	-0.431619
37.45	0.861075	0	0	-0.0431619	0	0	0.000931476	-0.430538
37.5	0.858917	0	0	-0.0430538	0	0	0.000926813	-0.429459
37.55	0.856764	0	0	-0.0429459	0	0	0.000922173	-0.428382
37.6	0.854617	0	0	-0.0428382	0	0	0.000917556	-0.427309
37.65	0.852475	0	0	-0.0427309	0	0	0.000912963	-0.426238
37.7	0.850339	0	0	-0.0426238	0	0	0.000908392	-0.425169
37.75	0.848207	0	0	-0.0425169	0	0	0.000903845	-0.424104
37.8	0.846082	0	0	-0.0424104	0	0	0.00089932	-0.423041
37.85	0.843961	0	0	-0.0423041	0	0	0.000894817	-0.421981
37.9	0.841846	0	0	-0.0421981	0	0	0.000890338	-0.420923
37.95	0.839736	0	0	-0.0420923	0	0	0.000885881	-0.419868
38	0.837631	0	0	-0.0419868	0	0	0.000881446	-0.418816
38.05	0.835532	0	0	-0.0418816	0	0	0.000877033	-0.417766
38.1	0.833438	0	0	-0.0417766	0	0	0.000872642	-0.416719
38.15	0.831349	0	0	-0.0416719	0	0	0.000868273	-0.415675
38.2	0.829265	0	0	-0.0415675	0	0	0.000863927	-0.414633
38.25	0.827187	0	0	-0.0414633	0	0	0.000859602	-0.413594
38.3	0.825114	0	0	-0.0413594	0	0	0.000855298	-0.412557
38.35	0.823046	0	0	-0.0412557	0	0	0.000851016	-0.411523
38.4	0.820983	0	0	-0.0411523	0	0	0.000846756	-0.410492
38.45	0.818926	0	0	-0.0410492	0	0	0.000842517	-0.409463
38.5	0.816873	0	0	-0.0409463	0	0	0.000838299	-0.408437
38.55	0.814826	0	0	-0.0408437	0	0	0.000834102	-0.407413
38.6	0.812784	0	0	-0.0407413	0	0	0.000829926	-0.406392
38.65	0.810747	0	0	-0.0406392	0	0	0.000825772	-0.405373
38.7	0.808715	0	0	-0.0405373	0	0	0.000821637	-0.404357
38.75	0.806688	0	0	-0.0404357	0	0	0.000817524	-0.403344
38.8	0.804666	0	0	-0.0403344	0	0	0.000813431	-0.402333
38.85	0.802649	0	0	-0.0402333	0	0	0.000809359	-0.401325
38.9	0.800638	0	0	-0.0401325	0	0	0.000805307	-0.400319
38.95	0.798631	0	0	-0.0400319	0	0	0.000801276	-0.399315
39	0.796629	0	0	-0.0399315	0	0	0.000797264	-0.398315
39.05	0.794633	0	0	-0.0398315	0	0	0.000793273	-0.397316
39.1	0.792641	0	0	-0.0397316	0	0	0.000789302	-0.396321
39.15	0.790655	0	0	-0.0396321	0	0	0.00078535	-0.395327
39.2	0.788673	0	0	-0.0395327	0	0	0.000781418	-0.394336
39.25	0.786696	0	0	-0.0394336	0	0	0.000777506	-0.393348
39.3	0.784725	0	0	-0.0393348	0	0	0.000773614	-0.392362
39.35	0.782758	0	0	-0.0392362	0	0	0.000769741	-0.391379
39.4	0.780796	0	0	-0.0391379	0	0	0.000765887	-0.390398
39.45	0.778839	0	0	-0.0390398	0	0	0.000762053	-0.38942
39.5	0.776887	0	0	-0.038942	0	0	0.000758238	-0.388444
39.55	0.77494	0	0	-0.0388444	0	0	0.000754442	-0.38747
39.6	0.772998	0	0	-0.038747	0	0	0.000750665	-0.386499
39.65	0.771061	0	0	-0.0386499	0	0	0.000746907	-0.38553
39.7	0.769128	0	0	-0.038553	0	0	0.000743168	-0.384564
39.75	0.7672	0	0	-0.0384564	0	0	0.000739448	-0.3836
39.8	0.765278	0	0	-0.03836	0	0	0.000735746	-0.382639
39.85	0.76336	0	0	-0.0382639	0	0	0.000732062	-0.38168
39.9	0.761446	0	0	-0.038168	0	0	0.000728397	-0.380723
39.95	0.759538	0	0	-0.0380723	0	0	0.000724751	-0.379769
40	0.757634	0	0	-0.0379769	0	0	0.000721122	-0.378817
40.05	0.755736	0	0	-0.0378817	0	0	0.000717512	-0.377868
40.1	0.753841	0	0	-0.0377868	0	0	0.00071392	-0.376921
40.15	0.751952	0	0	-0.0376921	0	0	0.000710346	-0.375976
40.2	0.750068	0	0	-0.0375976	0	0	0.00070679	-0.375034
40.25	0.748188	0	0	-0.0375034	0	0	0.000703252	-0.374094
40.3	0.746312	0	0	-0.0374094	0	0	0.000699731	-0.373156
40.35	0.744442	0	0	-0.0373156	0	0	0.000696228	-0.372221
40.4	0.742576	0	0	-0.0372221	0	0	0.000692742	-0.371288
40.45	0.740715	0	0	-0.0371288	0	0	0.000689274	-0.370358
40.5	0.738859	0	0	-0.0370358	0	0	0.000685824	-0.369429
40.55	0.737007	0	0	-0.0369429	0	0	0.00068239	-0.368503
40.6	0.73516	0	0	-0.0368503	0	0	0.000678974	-0.36758
40.65	0.733317	0	0	-0.036758	0	0	0.000675575	-0.366659
40.7	0.731479	0	0	-0.0366659	0	0	0.000672193	-0.36574
40.75	0.729646	0	0	-0.036574	0	0	0.000668828	-0.364823
40.8	0.727817	0	0	-0.0364823	0	0	0.000665479	-0.363909
40.85	0.725993	0	0	-0.0363909	0	0	0.000662148	-0.362997
40.9	0.724174	0	0	-0.0362997	0	0	0.000658833	-0.362087
40.95	0.722359	0	0	-0.0362087	0	0	0.000655534	-0.361179
41	0.720548	0	0	-0.0361179	0	0	0.000652253	-0.360274
41.05	0.718742	0	0	-0.0360274	0	0	0.000648987	-0.359371
41.1	0.716941	0	0	-0.0359371	0	0	0.000645738	-0.35847
41.15	0.715144	0	0	-0.035847	0	0	0.000642505	-0.357572
41.2	0.713352	0	0	-0.0357572	0	0	0.000639289	-0.356676
41.25	0.711564	0	0	-0.0356676	0	0	0.000636088	-0.355782
41.3	0.709781	0	0	-0.0355782	0	0	0.000632904	-0.35489
41.35	0.708002	0	0	-0.035489	0	0	0.000629736	-0.354001
41.4	0.706227	0	0	-0.0354001	0	0	0.000626583	-0.353114
41.45	0.704457	0	0	-0.0353114	0	0	0.000623446	-0.352229
41.5	0.702692	0	0	-0.0352229	0	0	0.000620325	-0.351346
41.55	0.70093	0	0	-0.0351346	0	0	0.000617219	-0.350465
41.6	0.699174	0	0	-0.0350465	0	0	0.000614129	-0.349587
41.65	0.697421	0	0	-0.0349587	0	0	0.000611055	-0.348711
41.7	0.695673	0	0	-0.0348711	0	0	0.000607996	-0.347837
41.75	0.69393	0	0	-0.0347837	0	0	0.000604952	-0.346965
41.8	0.692191	0	0	-0.0346965	0	0	0.000601923	-0.346095
41.85	0.690456	0	0	-0.0346095	0	0	0.00059891	-0.345228
41.9	0.688725	0	0	-0.0345228	0	0	0.000595912	-0.344363
41.95	0.686999	0	0	-0.0344363	0	0	0.000592928	-0.3435
42	0.685277	0	0	-0.03435	0	0	0.00058996	-0.342639
42.05	0.68356	0	0	-0.0342639	0	0	0.000587007	-0.34178
42.1	0.681847	0	0	-0.034178	0	0	0.000584068	-0.340923
42.15	0.680138	0	0	-0.0340923	0	0	0.000581144	-0.340069
42.2	0.678433	0	0	-0.0340069	0	0	0.000578234	-0.339217
42.25	0.676733	0	0	-0.0339217	0	0	0.00057534	-0.338366
42.3	0.675037	0	0	-0.0338366	0	0	0.000572459	-0.337518
42.35	0.673345	0	0	-0.0337518	0	0	0.000569593	-0.336673
42.4	0.671657	0	0	-0.0336673	0	0	0.000566742	-0.335829
42.45	0.669974	0	0	-0.0335829	0	0	0.000563905	-0.334987
42.5	0.668295	0	0	-0.0334987	0	0	0.000561082	-0.334147
42.55	0.66662	0	0	-0.0334147	0	0	0.000558273	-0.33331
42.6	0.664949	0	0	-0.033331	0	0	0.000555478	-0.332475
42.65	0.663283	0	0	-0.0332475	0	0	0.000552697	-0.331641
42.7	0.66162	0	0	-0.0331641	0	0	0.00054993	-0.33081
42.75	0.659962	0	0	-0.033081	0	0	0.000547177	-0.329981
42.8	0.658308	0	0	-0.0329981	0	0	0.000544437	-0.329154
42.85	0.656658	0	0	-0.0329154	0	0	0.000541712	-0.328329
42.9	0.655012	0	0	-0.0328329	0	0	0.000539	-0.327506
42.95	0.653371	0	0	-0.0327506	0	0	0.000536302	-0.326685
43	0.651733	0	0	-0.0326685	0	0	0.000533617	-0.325867
43.05	0.6501	0	0	-0.0325867	0	0	0.000530945	-0.32505
43.1	0.64847	0	0	-0.032505	0	0	0.000528287	-0.324235
43.15	0.646845	0	0	-0.0324235	0	0	0.000525642	-0.323423
43.2	0.645224	0	0	-0.0323423	0	0	0.000523011	-0.322612
43.25	0.643607	0	0	-0.0322612	0	0	0.000520393	-0.321803
43.3	0.641994	0	0	-0.0321803	0	0	0.000517787	-0.320997
43.35	0.640385	0	0	-0.0320997	0	0	0.000515195	-0.320192
43.4	0.63878	0	0	-0.0320192	0	0	0.000512616	-0.31939
43.45	0.637179	0	0	-0.031939	0	0	0.00051005	-0.318589
43.5	0.635582	0	0	-0.0318589	0	0	0.000507496	-0.317791
43.55	0.633989	0	0	-0.0317791	0	0	0.000504956	-0.316994
43.6	0.6324	0	0	-0.0316994	0	0	0.000502428	-0.3162
43.65	0.630815	0	0	-0.03162	0	0	0.000499912	-0.315408
43.7	0.629234	0	0	-0.0315408	0	0	0.00049741	-0.314617
43.75	0.627657	0	0	-0.0314617	0	0	0.000494919	-0.313829
43.8	0.626084	0	0	-0.0313829	0	0	0.000492442	-0.313042
43.85	0.624515	0	0	-0.0313042	0	0	0.000489976	-0.312257
43.9	0.62295	0	0	-0.0312257	0	0	0.000487523	-0.311475
43.95	0.621388	0	0	-0.0311475	0	0	0.000485083	-0.310694
44	0.619831	0	0	-0.0310694	0	0	0.000482654	-0.309915
44.05	0.618277	0	0	-0.0309915	0	0	0.000480238	-0.309139
44.1	0.616728	0	0	-0.0309139	0	0	0.000477834	-0.308364
44.15	0.615182	0	0	-0.0308364	0	0	0.000475442	-0.307591
44.2	0.61364	0	0	-0.0307591	0	0	0.000473061	-0.30682
44.25	0.612102	0	0	-0.030682	0	0	0.000470693	-0.306051
44.3	0.610568	0	0	-0.0306051	0	0	0.000468337	-0.305284
44.35	0.609038	0	0	-0.0305284	0	0	0.000465992	-0.304519
44.4	0.607512	0	0	-0.0304519	0	0	0.000463659	-0.303756
44.45	0.605989	0	0	-0.0303756	0	0	0.000461338	-0.302995
44.5	0.60447	0	0	-0.0302995	0	0	0.000459028	-0.302235
44.55	0.602955	0	0	-0.0302235	0	0	0.00045673	-0.301478
44.6	0.601444	0	0	-0.0301478	0	0	0.000454444	-0.300722
44.65	0.599937	0	0	-0.0300722	0	0	0.000452169	-0.299968
44.7	0.598433	0	0	-0.0299968	0	0	0.000449905	-0.299217
44.75	0.596933	0	0	-0.0299217	0	0	0.000447653	-0.298467
44.8	0.595437	0	0	-0.0298467	0	0	0.000445412	-0.297719
44.85	0.593945	0	0	-0.0297719	0	0	0.000443182	-0.296972
44.9	0.592456	0	0	-0.0296972	0	0	0.000440963	-0.296228
44.95	0.590971	0	0	-0.0296228	0	0	0.000438756	-0.295486
45	0.58949	0	0	-0.0295486	0	0	0.000436559	-0.294745
45.05	0.588013	0	0	-0.0294745	0	0	0.000434373	-0.294006
45.1	0.586539	0	0	-0.0294006	0	0	0.000432199	-0.29327
45.15	0.585069	0	0	-0.029327	0	0	0.000430035	-0.292535
45.2	0.583603	0	0	-0.0292535	0	0	0.000427882	-0.291801
45.25	0.58214	0	0	-0.0291801	0	0	0.00042574	-0.29107
45.3	0.580681	0	0	-0.029107	0	0	0.000423609	-0.290341
45.35	0.579226	0	0	-0.0290341	0	0	0.000421488	-0.289613
45.4	0.577774	0	0	-0.0289613	0	0	0.000419378	-0.288887
45.45	0.576326	0	0	-0.0288887	0	0	0.000417278	-0.288163
45.5	0.574881	0	0	-0.0288163	0	0	0.000415189	-0.287441
45.55	0.573441	0	0	-0.0287441	0	0	0.000413111	-0.28672
45.6	0.572003	0	0	-0.028672	0	0	0.000411043	-0.286002
45.65	0.57057	0	0	-0.0286002	0	0	0.000408985	-0.285285
45.7	0.56914	0	0	-0.0285285	0	0	0.000406937	-0.28457
45.75	0.567713	0	0	-0.028457	0	0	0.0004049	-0.283857
45.8	0.566291	0	0	-0.0283857	0	0	0.000402873	-0.283145
45.85	0.564871	0	0	-0.0283145	0	0	0.000400856	-0.282436
45.9	0.563456	0	0	-0.0282436	0	0	0.000398849	-0.281728
45.95	0.562043	0	0	-0.0281728	0	0	0.000396853	-0.281022
46	0.560635	0	0	-0.0281022	0	0	0.000394866	-0.280317
46.05	0.55923	0	0	-0.0280317	0	0	0.000392889	-0.279615
46.1	0.557828	0	0	-0.0279615	0	0	0.000390922	-0.278914
46.15	0.55643	0	0	-0.0278914	0	0	0.000388965	-0.278215
46.2	0.555035	0	0	-0.0278215	0	0	0.000387018	-0.277518
46.25	0.553644	0	0	-0.0277518	0	0	0.00038508	-0.276822
46.3	0.552257	0	0	-0.0276822	0	0	0.000383153	-0.276128
46.35	0.550873	0	0	-0.0276128	0	0	0.000381234	-0.275436
46.4	0.549492	0	0	-0.0275436	0	0	0.000379326	-0.274746
46.45	0.548115	0	0	-0.0274746	0	0	0.000377427	-0.274057
46.5	0.546741	0	0	-0.0274057	0	0	0.000375537	-0.273371
46.55	0.545371	0	0	-0.0273371	0	0	0.000373657	-0.272685
46.6	0.544004	0	0	-0.0272685	0	0	0.000371787	-0.272002
46.65	0.542641	0	0	-0.0272002	0	0	0.000369925	-0.27132
46.7	0.541281	0	0	-0.027132	0	0	0.000368073	-0.27064
46.75	0.539924	0	0	-0.027064	0	0	0.000366231	-0.269962
46.8	0.538571	0	0	-0.0269962	0	0	0.000364397	-0.269285
46.85	0.537221	0	0	-0.0269285	0	0	0.000362573	-0.26861
46.9	0.535874	0	0	-0.026861	0	0	0.000360758	-0.267937
46.95	0.534531	0	0	-0.0267937	0	0	0.000358952	-0.267266
47	0.533192	0	0	-0.0267266	0	0	0.000357155	-0.266596
47.05	0.531855	0	0	-0.0266596	0	0	0.000355367	-0.265928
47.1	0.530522	0	0	-0.0265928	0	0	0.000353588	-0.265261
47.15	0.529193	0	0	-0.0265261	0	0	0.000351818	-0.264596
47.2	0.527866	0	0	-0.0264596	0	0	0.000350056	-0.263933
47.25	0.526544	0	0	-0.0263933	0	0	0.000348304	-0.263272
47.3	0.525224	0	0	-0.0263272	0	0	0.00034656	-0.262612
47.35	0.523907	0	0	-0.0262612	0	0	0.000344825	-0.261954
47.4	0.522594	0	0	-0.0261954	0	0	0.000343099	-0.261297
47.45	0.521285	0	0	-0.0261297	0	0	0.000341381	-0.260642
47.5	0.519978	0	0	-0.0260642	0	0	0.000339672	-0.259989
47.55	0.518675	0	0	-0.0259989	0	0	0.000337972	-0.259337
47.6	0.517375	0	0	-0.0259337	0	0	0.00033628	-0.258688
47.65	0.516078	0	0	-0.0258688	0	0	0.000334596	-0.258039
47.7	0.514785	0	0	-0.0258039	0	0	0.000332921	-0.257392
47.75	0.513495	0	0	-0.0257392	0	0	0.000331254	-0.256747
47.8	0.512208	0	0	-0.0256747	0	0	0.000329596	-0.256104
47.85	0.510924	0	0	-0.0256104	0	0	0.000327946	-0.255462
47.9	0.509643	0	0	-0.0255462	0	0	0.000326304	-0.254822
47.95	0.508366	0	0	-0.0254822	0	0	0.000324671	-0.254183
48	0.507092	0	0	-0.0254183	0	0	0.000323045	-0.253546
48.05	0.505821	0	0	-0.0253546	0	0	0.000321428	-0.252911
48.1	0.504553	0	0	-0.0252911	0	0	0.000319819	-0.252277
48.15	0.503289	0	0	-0.0252277	0	0	0.000318218	-0.251644
48.2	0.502027	0	0	-0.0251644	0	0	0.000316625	-0.251014
48.25	0.500769	0	0	-0.0251014	0	0	0.000315039	-0.250385
48.3	0.499514	0	0	-0.0250385	0	0	0.000313462	-0.249757
48.35	0.498262	0	0	-0.0249757	0	0	0.000311893	-0.249131
48.4	0.497013	0	0	-0.0249131	0	0	0.000310332	-0.248507
48.45	0.495768	0	0	-0.0248507	0	0	0.000308778	-0.247884
48.5	0.494525	0	0	-0.0247884	0	0	0.000307232	-0.247263
48.55	0.493286	0	0	-0.0247263	0	0	0.000305694	-0.246643
48.6	0.49205	0	0	-0.0246643	0	0	0.000304164	-0.246025
48.65	0.490816	0	0	-0.0246025	0	0	0.000302641	-0.245408
48.7	0.489586	0	0	-0.0245408	0	0	0.000301126	-0.244793
48.75	0.488359	0	0	-0.0244793	0	0	0.000299618	-0.24418
48.8	0.487135	0	0	-0.024418	0	0	0.000298118	-0.243568
48.85	0.485914	0	0	-0.0243568	0	0	0.000296626	-0.242957
48.9	0.484696	0	0	-0.0242957	0	0	0.000295141	-0.242348
48.95	0.483482	0	0	-0.0242348	0	0	0.000293663	-0.241741
49	0.48227	0	0	-0.0241741	0	0	0.000292193	-0.241135
49.05	0.481061	0	0	-0.0241135	0	0	0.00029073	-0.240531
49.1	0.479856	0	0	-0.0240531	0	0	0.000289275	-0.239928
49.15	0.478653	0	0	-0.0239928	0	0	0.000287827	-0.239326
49.2	0.477453	0	0	-0.0239326	0	0	0.000286386	-0.238727
49.25	0.476257	0	0	-0.0238727	0	0	0.000284952	-0.238128
49.3	0.475063	0	0	-0.0238128	0	0	0.000283525	-0.237532
49.35	0.473872	0	0	-0.0237532	0	0	0.000282106	-0.236936
49.4	0.472685	0	0	-0.0236936	0	0	0.000280694	-0.236342
49.45	0.4715	0	0	-0.0236342	0	0	0.000279289	-0.23575
49.5	0.470318	0	0	-0.023575	0	0	0.00027789	-0.235159
49.55	0.46914	0	0	-0.0235159	0	0	0.000276499	-0.23457
49.6	0.467964	0	0	-0.023457	0	0	0.000275115	-0.233982
49.65	0.466791	0	0	-0.0233982	0	0	0.000273738	-0.233395
49.7	0.465621	0	0	-0.0233395	0	0	0.000272367	-0.232811
49.75	0.464454	0	0	-0.0232811	0	0	0.000271004	-0.232227
49.8	0.46329	0	0	-0.0232227	0	0	0.000269647	-0.231645
49.85	0.462129	0	0	-0.0231645	0	0	0.000268297	-0.231064
49.9	0.460971	0	0	-0.0231064	0	0	0.000266954	-0.230485
49.95	0.459815	0	0	-0.0230485	0	0	0.000265617	-0.229908
