#CONFIGURATION
#number of particles: 961
#seed:                49
#temperature:         1
#sigma:               1
#epsilon:             1
#normed distance:     1.12246
#r_cut:               1.12246
#dt:                  0.01
#box_width:           31.3167
#box height:          27.2564
#space_in_x:          0.505108
#space_in_y:          0.505108
#axial_ratio:         1
#integration method:  leapfrog integration
#lattice type:        triangular lattice
#boundary conditions: periodic boundaries
#lattice constant:    1.01022
#particle speed:      1
#nogui:               1
#runs:                0
#logname:             L09.txt
0.0313167	0	-0
0.0626334	0	0
0.0939501	0	0
0.125267	0	0
0.156583	0	0
0.1879	0	0
0.219217	0	0
0.250534	0	0
0.28185	0	0
0.313167	0	0
0.344484	0	0
0.3758	0	0
0.407117	0	0
0.438434	0	0
0.46975	0	0
0.501067	0	0
0.532384	0	0
0.5637	0	0
0.595017	0	0
0.626334	0	0
0.657651	0	0
0.688967	0	0
0.720284	0	0
0.751601	0	0
0.782917	0	0
0.814234	0	0
0.845551	0	0
0.876867	0	0
0.908184	0	0
0.939501	1	0.00526285
0.970817	119	0.605049
1.00213	898	4.41614
1.03345	1251	5.95679
1.06477	527	2.43217
1.09608	81	0.362665
1.1274	6	0.0260854
1.15872	0	0
1.19003	0	0
1.22135	0	0
1.25267	0	0
1.28398	0	0
1.3153	0	0
1.34662	0	0
1.37793	0	0
1.40925	0	0
1.44057	0	0
1.47188	0	0
1.5032	0	0
1.53452	0	0
1.56583	0	0
1.59715	0	0
1.62847	0	0
1.65978	6	0.0174747
1.6911	73	0.208559
1.72242	396	1.11022
1.75373	969	2.66682
1.78505	918	2.48094
1.81637	430	1.14153
1.84768	83	0.216509
1.879	8	0.0205116
1.91032	1	0.00252086
1.94163	9	0.0223127
1.97295	143	0.34876
2.00427	636	1.52631
2.03558	1033	2.44001
2.0669	716	1.66502
2.09822	264	0.604545
2.12953	76	0.171419
2.16085	4	0.00888837
2.19217	1	0.00218965
2.22349	0	0
2.2548	0	0
2.28612	0	0
2.31744	0	0
2.34875	0	0
2.38007	0	0
2.41139	0	0
2.4427	0	0
2.47402	0	0
2.50534	0	0
2.53665	1	0.00188668
2.56797	6	0.0111795
2.59929	74	0.136188
2.6306	513	0.932673
2.66192	1335	2.39806
2.69324	1751	3.1081
2.72455	1328	2.32969
2.75587	608	1.05427
2.78719	138	0.236558
2.8185	10	0.0169482
2.84982	2	0.00335176
2.88114	0	0
2.91245	1	0.00163925
2.94377	23	0.0372951
2.97509	119	0.190898
3.0064	492	0.780907
3.03772	833	1.3083
3.06904	761	1.18283
3.10035	441	0.678422
3.13167	174	0.264959
3.16299	35	0.0527607
3.1943	3	0.00447735
3.22562	1	0.00147775
3.25694	0	0
3.28825	0	0
3.31957	0	0
3.35089	0	0
3.3822	4	0.00563347
3.41352	29	0.0404628
3.44484	173	0.239157
3.47615	482	0.660235
3.50747	728	0.988178
3.53879	747	1.00487
3.5701	635	0.846617
3.60142	787	1.04003
3.63274	1257	1.64663
3.66405	1552	2.01547
3.69537	1265	1.62866
3.72669	718	0.916542
3.758	223	0.282262
3.78932	46	0.0577372
3.82064	3	0.00373422
3.85195	0	0
3.88327	0	0
3.91459	0	0
3.9459	7	0.00843324
3.97722	131	0.156565
4.00854	380	0.450567
4.03985	721	0.848186
4.07117	704	0.821742
4.10249	528	0.611547
4.1338	282	0.324119
4.16512	105	0.119765
4.19644	23	0.0260362
4.22775	2	0.00224706
4.25907	2	0.00223035
4.29039	15	0.0166042
4.3217	124	0.136256
4.35302	453	0.494153
4.38434	976	1.05698
4.41565	1352	1.45368
4.44697	1266	1.35152
4.47829	1051	1.11407
4.5096	395	0.415765
4.54092	194	0.202776
4.57224	359	0.372643
4.60355	917	0.945306
4.63487	1354	1.38627
4.66619	1306	1.32806
4.6975	979	0.988831
4.72882	530	0.531741
4.76014	211	0.210287
4.79145	42	0.0415817
4.82277	6	0.00590129
4.85409	0	0
4.8854	0	0
4.91672	0	0
4.94804	5	0.00479205
4.97935	102	0.0971372
5.01067	332	0.314177
5.04199	622	0.584919
5.0733	644	0.601834
5.10462	523	0.48573
5.13594	399	0.368286
5.16725	271	0.248609
5.19857	321	0.292688
5.22989	472	0.42777
5.2612	755	0.68014
5.29252	1063	0.951885
5.32384	1409	1.25423
5.35515	1483	1.31231
5.38647	1284	1.12955
5.41779	1016	0.888578
5.4491	565	0.491276
5.48042	213	0.184139
5.51174	68	0.0584493
5.54305	153	0.130762
5.57437	497	0.422355
5.60569	1010	0.853471
5.637	1255	1.05456
5.66832	1107	0.925016
5.69964	874	0.726273
5.73095	565	0.466915
5.76227	212	0.174236
5.79359	62	0.0506782
5.8249	14	0.0113814
5.85622	2	0.00161716
5.88754	0	0
5.91885	0	0
5.95017	6	0.00477426
5.98149	90	0.0712359
6.0128	307	0.241718
6.04412	609	0.476996
6.07544	918	0.715283
6.10675	1158	0.897622
6.13807	1359	1.04801
6.16939	1355	1.03958
6.2007	1322	1.0091
6.23202	1200	0.911339
6.26334	1051	0.79416
6.29465	1076	0.808975
6.32597	1160	0.86778
6.35729	1053	0.783825
6.3886	900	0.666628
6.41992	546	0.402433
6.45124	235	0.172362
6.48256	59	0.0430632
6.51387	40	0.029054
6.54519	210	0.151798
6.57651	570	0.410048
6.60782	1034	0.740291
6.63914	1134	0.808029
6.67046	964	0.683648
6.70177	755	0.53291
6.73309	635	0.44611
6.76441	308	0.215372
6.79572	101	0.0702975
6.82704	25	0.01732
6.85836	7	0.0048273
6.88967	51	0.0350094
6.92099	155	0.105916
6.95231	367	0.249645
6.98362	677	0.458438
7.01494	1104	0.744226
7.04626	1795	1.20463
7.07757	1985	1.3262
7.10889	1824	1.21323
7.14021	1546	1.02378
7.17152	1199	0.790503
7.20284	857	0.562549
7.23416	736	0.481018
7.26547	938	0.610376
7.29679	1044	0.676418
7.32811	950	0.612867
7.35942	826	0.53059
7.39074	712	0.45541
7.42206	365	0.23247
7.45337	128	0.0811792
7.48469	30	0.0189463
7.51601	50	0.0314447
7.54732	226	0.141537
7.57864	630	0.392908
7.60996	1019	0.632882
7.64127	1034	0.63955
7.67259	838	0.516192
7.70391	702	0.43065
7.73522	627	0.383073
7.76654	499	0.303633
7.79786	406	0.246046
7.82917	527	0.31809
7.86049	697	0.419014
7.89181	748	0.447878
7.92312	1064	0.634555
7.95444	1514	0.899353
7.98576	1674	0.990475
8.01707	1499	0.883445
8.04839	1514	0.888793
8.07971	1499	0.876557
8.11102	1312	0.764227
8.14234	984	0.570953
8.17366	714	0.412693
8.20497	797	0.458898
8.23629	909	0.521384
8.26761	1027	0.586823
8.29892	922	0.524827
8.33024	749	0.424739
8.36156	745	0.420879
8.39287	572	0.321932
8.42419	321	0.179989
8.45551	104	0.0580972
8.48682	32	0.0178097
8.51814	45	0.0249523
8.54946	227	0.125407
8.58077	646	0.355576
8.61209	1065	0.584061
8.64341	1050	0.573737
8.67472	999	0.543888
8.70604	1149	0.623291
8.73736	1365	0.737795
8.76867	1463	0.787925
8.79999	1389	0.745395
8.83131	1303	0.696751
8.86262	1458	0.776864
8.89394	1446	0.767743
8.92526	1280	0.677209
8.95657	1132	0.596802
8.98789	894	0.469675
9.01921	989	0.517771
9.05052	1241	0.64744
9.08184	1283	0.667032
9.11316	1012	0.524322
9.14447	635	0.327864
9.17579	659	0.339088
9.20711	907	0.465101
9.23842	1069	0.546305
9.26974	1046	0.532736
9.30106	771	0.391348
9.33237	637	0.322241
9.36369	690	0.347879
9.39501	542	0.272346
9.42632	293	0.146736
9.45764	117	0.0583992
9.48896	86	0.0427836
9.52027	188	0.0932177
9.55159	613	0.302948
9.58291	1230	0.605876
9.61422	1634	0.802244
9.64554	1695	0.829478
9.67686	1884	0.918971
9.70817	2138	1.03949
9.73949	2067	1.00172
9.77081	1848	0.892701
9.80212	1515	0.729492
9.83344	1226	0.588446
9.86476	1127	0.539203
9.89607	959	0.457366
9.92739	877	0.416933
9.95871	780	0.369647
9.99002	695	0.328327
10.0213	871	0.41018
10.0527	1121	0.52626
10.084	1060	0.496071
10.1153	835	0.389557
10.1466	565	0.262775
10.1779	676	0.313428
10.2092	956	0.441885
10.2406	1126	0.518864
10.2719	1084	0.49798
10.3032	651	0.298151
10.3345	578	0.263912
10.3658	654	0.297706
10.3971	793	0.359888
10.4285	763	0.345229
10.4598	792	0.357272
10.4911	853	0.383636
10.5224	821	0.36814
10.5537	1173	0.52441
10.585	1919	0.855373
10.6164	2622	1.16527
10.6477	2729	1.20924
10.679	2059	0.909667
10.7103	1372	0.60437
10.7416	1255	0.551212
10.7729	1408	0.616606
10.8043	1373	0.599528
10.8356	1178	0.512887
10.8669	917	0.398095
10.8982	811	0.351062
10.9295	752	0.324585
10.9608	652	0.280615
10.9922	631	0.2708
11.0235	754	0.322663
11.0548	973	0.415196
11.0861	928	0.394871
11.1174	767	0.325441
11.1487	608	0.257249
11.1801	727	0.306733
11.2114	949	0.399275
11.2427	1254	0.526123
11.274	1250	0.522982
11.3053	1219	0.508593
11.3366	1141	0.47473
11.368	1247	0.517397
11.3993	1477	0.611137
11.4306	1525	0.629262
11.4619	1515	0.62342
11.4932	1415	0.580677
11.5245	1528	0.625339
11.5559	1739	0.709754
11.5872	2023	0.823425
11.6185	2172	0.881681
11.6498	1790	0.724654
11.6811	1317	0.531732
11.7124	1041	0.41917
11.7438	1110	0.445757
11.7751	1260	0.504643
11.8064	1344	0.536853
11.8377	1155	0.460132
11.869	952	0.378256
11.9003	797	0.315834
11.9317	660	0.260854
11.963	527	0.207741
11.9943	534	0.209948
12.0256	720	0.282336
12.0569	824	0.322276
12.0882	940	0.366689
12.1196	872	0.33928
12.1509	995	0.386135
12.1822	1396	0.540356
12.2135	1659	0.640503
12.2448	1743	0.671206
12.2761	1615	0.620322
12.3075	1692	0.648238
12.3388	1961	0.749383
12.3701	2258	0.860687
12.4014	2216	0.842536
12.4327	1771	0.671642
12.464	1246	0.471347
12.4954	1167	0.440352
12.5267	1230	0.462959
12.558	1438	0.539893
12.5893	1496	0.560267
12.6206	1592	0.594735
12.6519	1492	0.555992
12.6833	1224	0.454992
12.7146	1043	0.386751
12.7459	977	0.361385
12.7772	1109	0.409201
12.8085	1232	0.45347
12.8398	1240	0.455298
12.8712	1066	0.390453
12.9025	788	0.287925
12.9338	594	0.216512
12.9651	456	0.165808
12.9964	680	0.24666
13.0277	1105	0.399856
13.0591	1421	0.512966
13.0904	1569	0.565033
13.1217	1510	0.542483
13.153	1471	0.527209
13.1843	1761	0.629641
13.2156	2105	0.750848
13.247	2506	0.891763
13.2783	2719	0.965269
13.3096	2364	0.837259
13.3409	2015	0.711973
13.3722	1511	0.532636
13.4035	1328	0.46703
13.4349	1241	0.435413
13.4662	1173	0.410594
13.4975	1219	0.425703
13.5288	1156	0.402764
13.5601	1097	0.381322
13.5914	1213	0.420669
13.6228	1375	0.475751
13.6541	1298	0.448075
13.6854	1212	0.417427
13.7167	1055	0.362522
13.748	972	0.333238
13.7793	913	0.312296
13.8107	1126	0.384278
13.842	1397	0.475682
13.8733	1410	0.479021
13.9046	1418	0.48065
13.9359	1226	0.414632
13.9672	1050	0.35431
13.9986	1025	0.345098
14.0299	1105	0.371199
14.0612	1328	0.445114
14.0925	1533	0.512679
14.1238	1515	0.505532
14.1551	1654	0.550689
14.1865	1786	0.593321
14.2178	1974	0.654326
14.2491	1908	0.631055
14.2804	1665	0.549473
14.3117	1275	0.419844
14.343	978	0.321339
14.3744	741	0.242937
14.4057	888	0.290496
14.437	1061	0.346334
14.4683	1115	0.363171
14.4996	1001	0.325333
14.5309	724	0.234797
14.5623	632	0.204519
14.5936	732	0.236369
14.6249	1057	0.340582
14.6562	1084	0.348533
14.6875	1003	0.321799
14.7188	937	0.299982
14.7502	1075	0.34343
14.7815	1318	0.420167
14.8128	1616	0.514074
14.8441	1754	0.556793
14.8754	1576	0.499232
14.9067	1159	0.366364
14.9381	808	0.254875
14.9694	871	0.274171
15.0007	1161	0.364691
15.032	1454	0.455773
15.0633	1469	0.459514
15.0946	1513	0.472293
15.126	1416	0.441096
15.1573	1410	0.438316
15.1886	1515	0.469983
15.2199	1591	0.492541
15.2512	1324	0.409039
15.2825	1040	0.320639
15.3139	837	0.257523
15.3452	707	0.21708
15.3765	736	0.225523
15.4078	744	0.22751
15.4391	884	0.269771
15.4704	995	0.303028
15.5018	859	0.261079
15.5331	609	0.184721
15.5644	458	0.13864
15.5957	751	0.226875
15.627	1105	0.333146
15.6583	1493	0.449221
