#CONFIGURATION
#number of particles: 961
#seed:                49
#temperature:         1
#sigma:               1
#epsilon:             1
#normed distance:     1.12246
#r_cut:               1.12246
#dt:                  0.01
#box_width:           41.7556
#box height:          36.3419
#space_in_x:          0.673477
#space_in_y:          0.673477
#axial_ratio:         1
#integration method:  leapfrog integration
#lattice type:        triangular lattice
#boundary conditions: periodic boundaries
#lattice constant:    1.34695
#particle speed:      1
#nogui:               1
#runs:                0
#logname:             L12.txt
0.0417556	0	-0
0.0835112	0	0
0.125267	0	0
0.167022	0	0
0.208778	0	0
0.250534	0	0
0.292289	0	0
0.334045	0	0
0.3758	0	0
0.417556	0	0
0.459311	0	0
0.501067	0	0
0.542823	0	0
0.584578	0	0
0.626334	0	0
0.668089	0	0
0.709845	0	0
0.751601	0	0
0.793356	0	0
0.835112	0	0
0.876867	0	0
0.918623	0	0
0.960379	0	0
1.00213	10	0.0666628
1.04389	81	0.516991
1.08565	192	1.17544
1.1274	231	1.35874
1.16916	252	1.42633
1.21091	193	1.05267
1.25267	182	0.957839
1.29442	185	0.940623
1.33618	159	0.781922
1.37793	142	0.676151
1.41969	125	0.576889
1.46145	117	0.52385
1.5032	122	0.530404
1.54496	106	0.447861
1.58671	90	0.369841
1.62847	97	0.387977
1.67022	114	0.44413
1.71198	87	0.33036
1.75373	85	0.314796
1.79549	88	0.318054
1.83725	84	0.296453
1.879	102	0.351704
1.92076	105	0.353912
1.96251	142	0.468105
2.00427	118	0.380623
2.04602	138	0.435764
2.08778	157	0.485539
2.12953	168	0.509061
2.17129	173	0.513831
2.21305	231	0.672776
2.2548	213	0.608536
2.29656	236	0.661644
2.33831	225	0.61923
2.38007	232	0.62699
2.42182	214	0.568108
2.46358	224	0.584314
2.50534	248	0.63586
2.54709	225	0.567194
2.58885	210	0.520631
2.6306	207	0.504849
2.67236	200	0.479972
2.71411	200	0.472413
2.75587	184	0.427882
2.79762	218	0.499207
2.83938	198	0.44659
2.88114	218	0.484416
2.92289	217	0.475155
2.96465	227	0.489899
3.0064	216	0.459548
3.04816	240	0.503467
3.08991	227	0.469628
3.13167	229	0.46732
3.17342	234	0.471113
3.21518	221	0.439047
3.25694	230	0.450954
3.29869	287	0.555451
3.34045	276	0.527358
3.3822	284	0.535818
3.42396	279	0.519845
3.46571	285	0.524509
3.50747	286	0.51997
3.54922	321	0.576613
3.59098	308	0.546714
3.63274	290	0.508742
3.67449	324	0.561817
3.71625	308	0.527969
3.758	307	0.520309
3.79976	317	0.531254
3.84151	286	0.474005
3.88327	310	0.508167
3.92503	310	0.502673
3.96678	319	0.511735
4.00854	318	0.504732
4.05029	298	0.468035
4.09205	299	0.46474
4.1338	325	0.499971
4.17556	293	0.446167
4.21731	341	0.51404
4.25907	340	0.507433
4.30083	313	0.462535
4.34258	330	0.482899
4.38434	302	0.437656
4.42609	347	0.498057
4.46785	390	0.55447
4.5096	350	0.492929
4.55136	378	0.527411
4.59311	359	0.496284
4.63487	390	0.534215
4.67663	426	0.578247
4.71838	402	0.540776
4.76014	346	0.461306
4.80189	416	0.549748
4.84365	412	0.539706
4.8854	421	0.546721
4.92716	418	0.538166
4.96891	380	0.485078
5.01067	384	0.486048
5.05243	376	0.471939
5.09418	410	0.510344
5.13594	411	0.507378
5.17769	395	0.483645
5.21945	380	0.461511
5.2612	397	0.478285
5.30296	433	0.5175
5.34472	368	0.436338
5.38647	422	0.496442
5.42823	392	0.457561
5.46998	424	0.491091
5.51174	441	0.506867
5.55349	448	0.510997
5.59525	469	0.530912
5.637	462	0.519071
5.67876	449	0.500714
5.72052	444	0.491484
5.76227	455	0.499971
5.80403	489	0.533423
5.84578	501	0.542568
5.88754	473	0.508572
5.92929	485	0.517763
5.97105	508	0.538484
6.0128	480	0.505234
6.05456	509	0.532025
6.09632	471	0.488899
6.13807	504	0.519557
6.17983	463	0.474034
6.22158	527	0.535901
6.26334	490	0.494921
6.30509	493	0.49462
6.34685	490	0.488344
6.3886	486	0.48116
6.43036	493	0.48489
6.47212	486	0.474891
6.51387	497	0.482496
6.55563	471	0.454314
6.59738	559	0.535751
6.63914	531	0.505685
6.68089	540	0.511011
6.72265	544	0.511569
6.76441	551	0.514923
6.80616	499	0.46344
6.84792	562	0.518739
6.88967	553	0.50731
6.93143	602	0.548904
6.97318	600	0.543775
7.01494	560	0.504475
7.05669	525	0.470122
7.09845	584	0.519851
7.14021	549	0.485812
7.18196	557	0.490001
7.22372	598	0.523002
7.26547	560	0.486928
7.30723	596	0.515244
7.34898	620	0.53292
7.39074	608	0.519628
7.43249	588	0.499688
7.47425	530	0.447861
7.51601	614	0.515936
7.55776	571	0.477131
7.59952	609	0.506065
7.64127	617	0.509888
7.68303	596	0.489834
7.72478	653	0.533756
7.76654	605	0.491841
7.80829	623	0.503744
7.85005	610	0.490588
7.89181	643	0.51437
7.93356	658	0.523577
7.97532	606	0.479655
8.01707	630	0.496034
8.05883	656	0.513808
8.10058	619	0.482309
8.14234	624	0.483693
8.1841	654	0.504341
8.22585	662	0.507899
8.26761	645	0.492338
8.30936	662	0.502755
8.35112	641	0.484355
8.39287	744	0.559366
8.43463	664	0.496729
8.47638	674	0.501708
8.51814	704	0.521451
8.5599	636	0.468769
8.60165	691	0.506816
8.64341	701	0.511649
8.68516	674	0.48956
8.72692	721	0.521174
8.76867	721	0.518675
8.81043	672	0.481117
8.85218	726	0.517309
8.89394	697	0.494297
8.9357	715	0.504676
8.97745	709	0.498097
9.01921	702	0.49088
9.06096	694	0.483034
9.10272	702	0.486346
9.14447	742	0.511694
9.18623	747	0.512785
9.22798	707	0.483115
9.26974	787	0.535343
9.3115	764	0.517351
9.35325	743	0.50087
9.39501	745	0.499971
9.43676	713	0.476364
9.47852	768	0.510835
9.52027	763	0.505268
9.56203	774	0.5103
9.60379	810	0.531698
9.64554	748	0.48886
9.6873	778	0.506261
9.72905	747	0.483989
9.77081	786	0.507067
9.81256	797	0.511962
9.85432	785	0.502103
9.89607	761	0.484685
9.93783	791	0.501662
9.97959	824	0.520391
10.0213	783	0.492424
10.0631	769	0.4816
10.1049	802	0.500179
10.1466	853	0.529783
10.1884	777	0.48059
10.2301	764	0.470609
10.2719	791	0.485248
10.3136	825	0.504044
10.3554	835	0.508084
10.3971	826	0.500577
10.4389	853	0.514859
10.4807	875	0.526021
10.5224	825	0.493983
10.5642	790	0.471145
10.6059	823	0.488882
10.6477	855	0.505888
10.6894	904	0.532778
10.7312	880	0.516604
10.7729	886	0.518098
10.8147	899	0.523659
10.8565	844	0.48972
10.8982	891	0.514999
10.94	827	0.476172
10.9817	866	0.49672
11.0235	872	0.498257
11.0652	865	0.492381
11.107	861	0.488251
11.1487	939	0.530477
11.1905	860	0.484024
11.2323	863	0.483897
11.274	886	0.494943
11.3158	928	0.516482
11.3575	899	0.498492
11.3993	916	0.506048
11.441	945	0.520153
11.4828	951	0.521542
11.5245	922	0.503796
11.5663	910	0.495434
11.6081	936	0.507746
11.6498	911	0.492404
11.6916	949	0.511101
11.7333	909	0.487807
11.7751	924	0.494089
11.8168	934	0.497662
11.8586	917	0.486874
11.9003	969	0.512668
11.9421	970	0.511394
11.9839	977	0.51328
12.0256	997	0.521959
12.0674	942	0.49145
12.1091	918	0.477268
12.1509	950	0.492199
12.1926	969	0.500315
12.2344	967	0.49757
12.2761	974	0.499458
12.3179	956	0.488557
12.3597	1018	0.518476
12.4014	986	0.500478
12.4432	1017	0.514472
12.4849	974	0.491064
12.5267	1034	0.519568
12.5684	1036	0.518834
12.6102	995	0.496643
12.6519	974	0.484549
12.6937	1020	0.505756
12.7355	988	0.488275
12.7772	1027	0.505882
12.819	1029	0.505208
12.8607	1058	0.517751
12.9025	1062	0.518019
12.9442	1059	0.514881
12.986	1047	0.507402
13.0277	1008	0.486928
13.0695	990	0.476698
13.1113	1019	0.489091
13.153	1083	0.518152
13.1948	1050	0.500766
13.2365	1042	0.495375
13.2783	1009	0.478171
13.32	1059	0.500286
13.3618	1055	0.496831
13.4035	1097	0.514993
13.4453	1052	0.492327
13.4871	1070	0.499193
13.5288	1119	0.520435
13.5706	1052	0.487761
13.6123	1135	0.524623
13.6541	1055	0.486147
13.6958	1112	0.510843
13.7376	1161	0.531725
13.7793	1104	0.50408
13.8211	1082	0.492536
13.8629	1091	0.49513
13.9046	1145	0.518069
13.9464	1122	0.506136
13.9881	1173	0.527555
14.0299	1090	0.488761
14.0716	1121	0.501163
14.1134	1111	0.495216
14.1551	1074	0.477305
14.1969	1085	0.48077
14.2387	1118	0.493933
14.2804	1140	0.502173
14.3222	1100	0.483134
14.3639	1113	0.487417
14.4057	1160	0.506521
14.4474	1132	0.492859
14.4892	1179	0.511837
14.5309	1181	0.511226
14.5727	1114	0.480835
14.6145	1235	0.531533
14.6562	1185	0.508554
14.698	1211	0.518229
14.7397	1209	0.515902
14.7815	1202	0.511459
14.8232	1161	0.492616
14.865	1199	0.507305
14.9067	1179	0.497439
14.9485	1192	0.501513
14.9903	1178	0.494237
15.032	1172	0.490348
15.0738	1228	0.512348
15.1155	1229	0.511343
15.1573	1194	0.495407
15.199	1220	0.504798
15.2408	1191	0.491443
15.2825	1154	0.474869
15.3243	1185	0.486292
15.3661	1240	0.507474
15.4078	1263	0.51548
15.4496	1205	0.490473
15.4913	1264	0.513096
15.5331	1164	0.471228
15.5748	1270	0.512756
15.6166	1274	0.51299
15.6583	1254	0.503585
15.7001	1235	0.494631
15.7419	1250	0.499305
15.7836	1316	0.524272
15.8254	1265	0.50262
15.8671	1236	0.4898
15.9089	1250	0.494042
15.9506	1299	0.512059
15.9924	1301	0.511504
16.0341	1303	0.510951
16.0759	1251	0.48928
16.1177	1269	0.49503
16.1594	1330	0.517479
16.2012	1268	0.49208
16.2429	1330	0.514809
16.2847	1299	0.501515
16.3264	1232	0.474427
16.3682	1326	0.509317
16.4099	1286	0.492692
16.4517	1272	0.486086
16.4935	1341	0.511152
16.5352	1335	0.507575
16.577	1262	0.478607
16.6187	1378	0.521281
16.6605	1315	0.496197
16.7022	1311	0.493447
16.744	1347	0.505728
16.7857	1360	0.509334
16.8275	1358	0.507318
16.8693	1307	0.487052
16.911	1326	0.492908
16.9528	1368	0.507263
16.9945	1430	0.528946
17.0363	1348	0.497388
17.078	1385	0.509786
17.1198	1416	0.519921
17.1615	1404	0.514256
17.2033	1347	0.492176
17.2451	1382	0.503737
17.2868	1345	0.489062
17.3286	1352	0.490419
17.3703	1349	0.48815
17.4121	1399	0.505025
17.4538	1333	0.480044
17.4956	1379	0.49542
17.5373	1408	0.50463
17.5791	1355	0.484477
17.6209	1436	0.512217
17.6626	1386	0.49321
17.7044	1369	0.486007
17.7461	1445	0.511776
17.7879	1438	0.508098
17.8296	1423	0.501616
17.8714	1456	0.512045
17.9131	1412	0.49541
17.9549	1399	0.489703
17.9967	1418	0.495198
18.0384	1462	0.509378
18.0802	1436	0.49916
18.1219	1502	0.520894
18.1637	1480	0.512081
18.2054	1446	0.499165
18.2472	1372	0.472533
18.2889	1396	0.479697
18.3307	1368	0.469001
18.3725	1409	0.481956
18.4142	1398	0.477105
18.456	1310	0.446058
18.4977	1259	0.427721
18.5395	1197	0.405739
18.5812	1171	0.396031
18.623	1266	0.427197
18.6647	1298	0.437011
18.7065	1330	0.446782
18.7483	1268	0.425003
18.79	1161	0.388272
18.8318	1243	0.41477
18.8735	1206	0.40153
18.9153	1289	0.428214
18.957	1269	0.420638
18.9988	1258	0.416073
19.0405	1199	0.395686
19.0823	1191	0.392183
19.1241	1243	0.40841
19.1658	1259	0.412763
19.2076	1222	0.399759
19.2493	1245	0.406396
19.2911	1184	0.385645
19.3328	1274	0.41406
19.3746	1169	0.379113
19.4163	1236	0.399977
19.4581	1192	0.384908
19.4999	1209	0.389558
19.5416	1154	0.371039
19.5834	1175	0.376983
19.6251	1157	0.370416
19.6669	1157	0.369627
19.7086	1146	0.365335
19.7504	1111	0.353426
19.7921	1168	0.370772
19.8339	1156	0.366188
19.8757	1205	0.380905
19.9174	1153	0.363701
19.9592	1134	0.356957
20.0009	1202	0.37757
20.0427	1184	0.371138
20.0844	1204	0.37662
20.1262	1164	0.36335
20.1679	1142	0.355742
20.2097	1098	0.341327
20.2515	1171	0.363267
20.2932	1143	0.353849
20.335	1148	0.354665
20.3767	1115	0.343762
20.4185	1135	0.34921
20.4602	1154	0.354329
20.502	1152	0.352993
20.5437	1110	0.33943
20.5855	1140	0.347894
20.6273	1136	0.34597
20.669	1196	0.363505
20.7108	1079	0.327281
20.7525	1125	0.340545
20.7943	1116	0.33714
20.836	1132	0.341287
20.8778	1115	0.335487
