4       0       0
9       0       0
16      0       0
25      300000  170587
36      400000  195959
49      500000  217945
64      1.3e+06 336303
81      1.7e+06 375633
100     2.8e+06 448999
121     3.9e+06 487750
144     5.2e+06 499600
169     6.3e+06 482804
196     8.6e+06 469468
225     1.08e+07        503587
256     1.2e+07 509902
289     1.35e+07        476970
324     1.52e+07        499600
361     1.62e+07        485386
400     1.82e+07        409390
441     2.2e+07 400000
484     2.63e+07        482804
529     3.13e+07        439431
576     3.71e+07        453762
625     4.33e+07        470213
676     5.1e+07 412311
729     5.92e+07        271293
784     6.85e+07        455522
841     7.9e+07 300000
900     8.96e+07        508331
961     1.034e+08       473709
1024    1.175e+08       433013
1089    1.319e+08       392301
1156    1.494e+08       486210
1225    1.685e+08       384057
1296    1.882e+08       409390
1369    2.095e+08       433013
1444    2.343e+08       495076
1521    2.581e+08       392301
1600    2.855e+08       497494
1681    3.152e+08       499600
1764    3.469e+08       462493
