4       100000  70356.2
9       200000  98994.9
16      100000  70356.2
25      200000  98994.9
36      150000  85950.6
49      450000  146586
64      500000  154110
81      600000  167929
100     800000  191833
121     1.25e+06        233854
144     1.4e+06 245357
169     1.3e+06 237802
196     1.45e+06        248973
225     1.85e+06        274568
256     2e+06   282843
289     2.15e+06        290495
324     2.6e+06 310161
361     2.7e+06 313927
400     2.6e+06 310161
441     2.8e+06 317490
484     4e+06   346410
529     3.25e+06        331191
576     3.15e+06        328462
625     4.1e+06 347779
676     4.55e+06        352119
729     4.2e+06 348999
784     4.8e+06 353270
841     4.8e+06 353270
900     5.4e+06 352420
961     5.65e+06        350553
1024    5.8e+06 348999
1089    5.95e+06        354242
1156    5.95e+06        354242
1225    5.65e+06        357614
1296    5.75e+06        349553
1369    5.95e+06        347113
1444    6.35e+06        340423
1521    6.4e+06 346699
1600    5.75e+06        349553
1681    6.85e+06        335987
1764    6.4e+06 339411
1849    6.4e+06 339411
1936    6.3e+06 341394
2025    6.4e+06 339411
2116    6.25e+06        342327
2209    7.1e+06 320858
2304    7.1e+06 320858
2401    7.6e+06 301993
2500    7.75e+06        295275
2601    8.5e+06 297909
2704    8.85e+06        293066
2809    8.65e+06        279978
2916    9.95e+06        269235
3025    9.6e+06 314960
3136    9.85e+06        295614
3249    1.035e+07       277286
3364    1.055e+07       309818
3481    1.085e+07       314464
3600    1.195e+07       313827
3721    1.175e+07       286684
3844    1.205e+07       285460
3969    1.26e+07        310161
4096    1.28e+07        325269
4225    1.325e+07       331191
4356    1.375e+07       342327
4489    1.415e+07       348407
4624    1.435e+07       350553
4761    1.475e+07       353111
4900    1.575e+07       349553
5041    1.57e+07        350071
5184    1.61e+07        344891
5329    1.695e+07       325557
5476    1.725e+07       315733
5625    1.83e+07        265612
5776    1.815e+07       274568
5929    1.92e+07        191833
6084    1.93e+07        180416
6241    1.985e+07       131862
