4       100000  99498.7
9       100000  99498.7
16      300000  170587
25      200000  140000
36      300000  170587
49      700000  255147
64      800000  271293
81      1.8e+06 384187
100     2.5e+06 433013
121     3.5e+06 476970
144     5.3e+06 499099
169     6.3e+06 482804
196     8.9e+06 487750
225     1.01e+07        499900
256     1.14e+07        548088
289     1.28e+07        491528
324     1.49e+07        499900
361     1.56e+07        496387
400     1.75e+07        433013
441     2.15e+07        357071
484     2.58e+07        493559
529     3.12e+07        430813
576     3.68e+07        466476
625     4.34e+07        473709
676     5.04e+07        422374
729     5.9e+07 300000
784     6.82e+07        433128
841     7.83e+07        375633
900     9.05e+07        476970
961     1.022e+08       414246
1024    1.184e+08       366606
1089    1.317e+08       401373
1156    1.489e+08       444860
1225    1.677e+08       443959
1296    1.868e+08       487442
1369    2.078e+08       414246
1444    2.317e+08       470213
