#CONFIGURATION
#number of particles: 961
#seed:                49
#temperature:         1
#sigma:               1
#epsilon:             1
#normed distance:     1.12246
#r_cut:               1.12246
#dt:                  0.001
#box_width:           31.3167
#box height:          27.2564
#space_in_x:          0.505108
#space_in_y:          0.505108
#axial_ratio:         1
#integration method:  leapfrog integration
#lattice type:        triangular lattice
#boundary conditions: periodic boundaries
#lattice constant:    1.01022
#particle speed:      0.5
#nogui:               1
#runs:                0
#logname:             L1V05dt0001.txt
0.0313167	0	-0
0.0626334	0	0
0.0939501	0	0
0.125267	0	0
0.156583	0	0
0.1879	0	0
0.219217	0	0
0.250534	0	0
0.28185	0	0
0.313167	0	0
0.344484	0	0
0.3758	0	0
0.407117	0	0
0.438434	0	0
0.46975	0	0
0.501067	0	0
0.532384	0	0
0.5637	0	0
0.595017	0	0
0.626334	0	0
0.657651	0	0
0.688967	0	0
0.720284	0	0
0.751601	0	0
0.782917	0	0
0.814234	0	0
0.845551	0	0
0.876867	0	0
0.908184	0	0
0.939501	0	0
0.970817	6	0.0305067
1.00213	737	3.62438
1.03345	1848	8.79949
1.06477	281	1.29685
1.09608	11	0.0492509
1.1274	0	0
1.15872	0	0
1.19003	0	0
1.22135	0	0
1.25267	0	0
1.28398	0	0
1.3153	0	0
1.34662	0	0
1.37793	0	0
1.40925	0	0
1.44057	0	0
1.47188	0	0
1.5032	0	0
1.53452	0	0
1.56583	0	0
1.59715	0	0
1.62847	0	0
1.65978	0	0
1.6911	8	0.0228558
1.72242	230	0.644822
1.75373	1141	3.14018
1.78505	1255	3.39169
1.81637	237	0.629167
1.84768	12	0.0313025
1.879	0	0
1.91032	0	0
1.94163	0	0
1.97295	24	0.0585332
2.00427	505	1.21193
2.03558	1417	3.34705
2.0669	773	1.79757
2.09822	148	0.338911
2.12953	16	0.0360881
2.16085	0	0
2.19217	0	0
2.22349	0	0
2.2548	0	0
2.28612	0	0
2.31744	0	0
2.34875	0	0
2.38007	0	0
2.41139	0	0
2.4427	0	0
2.47402	0	0
2.50534	0	0
2.53665	0	0
2.56797	0	0
2.59929	15	0.0276057
2.6306	293	0.532696
2.66192	1265	2.27232
2.69324	2314	4.10745
2.72455	1509	2.64721
2.75587	330	0.572221
2.78719	39	0.0668532
2.8185	1	0.00169482
2.84982	0	0
2.88114	0	0
2.91245	0	0
2.94377	1	0.00162153
2.97509	53	0.0850218
3.0064	388	0.615837
3.03772	1027	1.61299
3.06904	944	1.46727
3.10035	353	0.543045
3.13167	105	0.159889
3.16299	12	0.0180894
3.1943	0	0
3.22562	0	0
3.25694	0	0
3.28825	0	0
3.31957	0	0
3.35089	0	0
3.3822	0	0
3.41352	16	0.0223243
3.44484	132	0.182478
3.47615	402	0.550653
3.50747	755	1.02483
3.53879	1033	1.3896
3.5701	511	0.681294
3.60142	498	0.658111
3.63274	1285	1.68331
3.66405	1896	2.46219
3.69537	1453	1.87071
3.72669	534	0.681662
3.758	110	0.139232
3.78932	23	0.0288686
3.82064	1	0.00124474
3.85195	0	0
3.88327	0	0
3.91459	0	0
3.9459	3	0.00361425
3.97722	63	0.0752944
4.00854	298	0.353339
4.03985	792	0.93171
4.07117	935	1.09138
4.10249	475	0.550161
4.1338	219	0.251709
4.16512	86	0.0980931
4.19644	12	0.0135841
4.22775	0	0
4.25907	0	0
4.29039	8	0.00885557
4.3217	124	0.136256
4.35302	392	0.427611
4.38434	780	0.844716
4.41565	1446	1.55475
4.44697	1784	1.90452
4.47829	881	0.933868
4.5096	281	0.295772
4.54092	116	0.121247
4.57224	237	0.246006
4.60355	837	0.862836
4.63487	1482	1.51732
4.66619	1586	1.61279
4.6975	993	1.00297
4.72882	410	0.411347
4.76014	144	0.143513
4.79145	30	0.0297012
4.82277	1	0.000983549
4.85409	0	0
4.8854	0	0
4.91672	0	0
4.94804	2	0.00191682
4.97935	66	0.0628535
5.01067	238	0.225223
5.04199	621	0.583978
5.0733	890	0.831727
5.10462	515	0.4783
5.13594	336	0.310136
5.16725	272	0.249527
5.19857	269	0.245274
5.22989	364	0.32989
5.2612	735	0.662123
5.29252	1270	1.13725
5.32384	1238	1.10201
5.35515	1472	1.30258
5.38647	1536	1.35124
5.41779	1067	0.933182
5.4491	452	0.393021
5.48042	146	0.126217
5.51174	46	0.0395392
5.54305	122	0.104267
5.57437	408	0.346722
5.60569	962	0.81291
5.637	1444	1.21337
5.66832	1275	1.0654
5.69964	808	0.671429
5.73095	469	0.387581
5.76227	214	0.17588
5.79359	53	0.0433217
5.8249	8	0.00650368
5.85622	0	0
5.88754	0	0
5.91885	0	0
5.95017	4	0.00318284
5.98149	65	0.0514482
6.0128	238	0.187391
6.04412	640	0.501276
6.07544	1139	0.887481
6.10675	1044	0.809255
6.13807	1032	0.79584
6.16939	1576	1.20914
6.2007	1687	1.28771
6.23202	1043	0.792106
6.26334	789	0.596187
6.29465	1050	0.789428
6.32597	1235	0.923886
6.35729	1226	0.912602
6.3886	898	0.665146
6.41992	481	0.354525
6.45124	194	0.14229
6.48256	60	0.0437931
6.51387	42	0.0305067
6.54519	173	0.125053
6.57651	478	0.343865
6.60782	1009	0.722392
6.63914	1336	0.951963
6.67046	1093	0.775132
6.70177	700	0.494089
6.73309	520	0.365318
6.76441	308	0.215372
6.79572	102	0.0709935
6.82704	18	0.0124704
6.85836	15	0.0103442
6.88967	90	0.0617813
6.92099	155	0.105916
6.95231	335	0.227878
6.98362	553	0.37447
7.01494	1089	0.734114
7.04626	1704	1.14356
7.07757	2113	1.41172
7.10889	2105	1.40014
7.14021	1577	1.04431
7.17152	1003	0.66128
7.20284	822	0.539575
7.23416	654	0.427426
7.26547	945	0.614932
7.29679	1096	0.71011
7.32811	1043	0.672864
7.35942	875	0.562066
7.39074	596	0.381214
7.42206	354	0.225465
7.45337	130	0.0824476
7.48469	40	0.0252617
7.51601	50	0.0314447
7.54732	200	0.125254
7.57864	550	0.343015
7.60996	955	0.593133
7.64127	1233	0.762636
7.67259	986	0.607357
7.70391	624	0.3828
7.73522	503	0.307314
7.76654	584	0.355354
7.79786	503	0.304831
7.82917	419	0.252903
7.86049	442	0.265716
7.89181	693	0.414946
7.92312	1496	0.892194
7.95444	1619	0.961726
7.98576	1246	0.737235
8.01707	1424	0.839244
8.04839	1654	0.97098
8.07971	1633	0.954915
8.11102	1501	0.874318
8.14234	800	0.46419
8.17366	682	0.394197
8.20497	673	0.387501
8.23629	913	0.523679
8.26761	1092	0.623964
8.29892	997	0.567519
8.33024	825	0.467837
8.36156	704	0.397717
8.39287	453	0.254957
8.42419	326	0.182793
8.45551	137	0.0765318
8.48682	32	0.0178097
8.51814	44	0.0243978
8.54946	241	0.133141
8.58077	588	0.323651
8.61209	956	0.524284
8.64341	1298	0.709248
8.67472	1234	0.67183
8.70604	1097	0.595083
8.73736	966	0.522132
8.76867	1241	0.668363
8.79999	1531	0.821598
8.83131	1609	0.860378
8.86262	1580	0.841869
8.89394	1415	0.751284
8.92526	989	0.52325
8.95657	908	0.478707
8.98789	1159	0.608896
9.01921	1133	0.593159
9.05052	1182	0.61666
9.08184	1170	0.608283
9.11316	1110	0.575096
9.14447	738	0.381045
9.17579	641	0.329826
9.20711	688	0.3528
9.23842	1083	0.55346
9.26974	1113	0.56686
9.30106	886	0.44972
9.33237	730	0.369287
9.36369	532	0.26822
9.39501	447	0.22461
9.42632	331	0.165767
9.45764	163	0.0813596
9.48896	154	0.0766124
9.52027	292	0.144785
9.55159	613	0.302948
9.58291	1007	0.49603
9.61422	1323	0.649553
9.64554	1967	0.962586
9.67686	2315	1.1292
9.70817	2123	1.03219
9.73949	1628	0.788968
9.77081	1801	0.869997
9.80212	1668	0.803163
9.83344	1383	0.663801
9.86476	1018	0.487053
9.89607	766	0.36532
9.92739	770	0.366064
9.95871	996	0.47201
9.99002	840	0.396827
10.0213	893	0.420541
10.0527	984	0.461945
10.084	862	0.403409
10.1153	990	0.46187
10.1466	784	0.36463
10.1779	679	0.314819
10.2092	709	0.327716
10.2406	1130	0.520707
10.2719	1049	0.481901
10.3032	875	0.40074
10.3345	686	0.313224
10.3658	577	0.262655
10.3971	725	0.329028
10.4285	840	0.380068
10.4598	708	0.31938
10.4911	542	0.243764
10.5224	647	0.290118
10.5537	1538	0.68759
10.585	2382	1.06175
10.6164	2451	1.08927
10.6477	2270	1.00585
10.679	1935	0.854884
10.7103	1878	0.827264
10.7416	1410	0.61929
10.7729	1159	0.507562
10.8043	1229	0.53665
10.8356	1251	0.544671
10.8669	776	0.336883
10.8982	743	0.321626
10.9295	932	0.402279
10.9608	739	0.318059
10.9922	689	0.295691
11.0235	726	0.310681
11.0548	866	0.369537
11.0861	693	0.294876
11.1174	916	0.388662
11.1487	923	0.390527
11.1801	622	0.262432
11.2114	858	0.360989
11.2427	1336	0.560527
11.274	1311	0.548504
11.3053	1269	0.529454
11.3366	1158	0.481803
11.368	1024	0.424871
11.3993	1200	0.496523
11.4306	1597	0.658971
11.4619	1671	0.687614
11.4932	1530	0.62787
11.5245	1635	0.669129
11.5559	1815	0.740773
11.5872	1786	0.726959
11.6185	1538	0.624321
11.6498	2009	0.813313
11.6811	1918	0.774383
11.7124	1261	0.507756
11.7438	997	0.400378
11.7751	1004	0.402113
11.8064	1231	0.491716
11.8377	1015	0.404359
11.869	887	0.35243
11.9003	978	0.38756
11.9317	785	0.310259
11.963	570	0.224691
11.9943	603	0.237077
12.0256	620	0.243123
12.0569	775	0.303111
12.0882	719	0.280478
12.1196	1132	0.440441
12.1509	1494	0.579785
12.1822	1165	0.450941
12.2135	1302	0.502673
12.2448	1448	0.557605
12.2761	1645	0.631845
12.3075	2217	0.849376
12.3388	2391	0.913705
12.3701	1857	0.707837
12.4014	1556	0.5916
12.4327	1742	0.660644
12.464	1666	0.630228
12.4954	1436	0.541855
12.5267	1165	0.438494
12.558	1086	0.407736
12.5893	1287	0.481994
12.6206	1670	0.623874
12.6519	1769	0.659216
12.6833	1459	0.542347
12.7146	1126	0.417528
12.7459	928	0.34326
12.7772	1056	0.389645
12.8085	1019	0.37507
12.8398	976	0.358363
12.8712	1065	0.390087
12.9025	1045	0.381829
12.9338	615	0.224167
12.9651	694	0.252349
12.9964	880	0.319207
13.0277	998	0.361137
13.0591	1230	0.444017
13.0904	1239	0.446192
13.1217	1315	0.472427
13.153	1724	0.617885
13.1843	1718	0.614267
13.2156	2534	0.903871
13.247	2889	1.02805
13.2783	2306	0.81865
13.3096	2018	0.714716
13.3409	1814	0.640952
13.3722	1612	0.568239
13.4035	1566	0.55073
13.4349	1238	0.434361
13.4662	1370	0.479552
13.4975	1136	0.396717
13.5288	821	0.286046
13.5601	947	0.329181
13.5914	1452	0.503554
13.6228	1414	0.489245
13.6541	1351	0.466371
13.6854	1436	0.494575
13.7167	1130	0.388293
13.748	849	0.291069
13.7793	987	0.337609
13.8107	979	0.33411
13.842	1172	0.399069
13.8733	1699	0.577203
13.9046	1539	0.521664
13.9359	1076	0.363902
13.9672	838	0.282773
13.9986	1181	0.39762
14.0299	1315	0.441743
14.0612	1350	0.452488
14.0925	1218	0.407334
14.1238	1266	0.422445
14.1551	1870	0.622605
14.1865	1971	0.654779
14.2178	1981	0.656647
14.2491	1775	0.587066
14.2804	1437	0.47423
14.3117	1253	0.412599
14.343	1169	0.384096
14.3744	968	0.317358
14.4057	934	0.305544
14.437	1040	0.33948
14.4683	954	0.310731
14.4996	714	0.232056
14.5309	664	0.215339
14.5623	816	0.264062
14.5936	898	0.289972
14.6249	864	0.278394
14.6562	1135	0.36493
14.6875	1354	0.434413
14.7188	1141	0.365293
14.7502	1126	0.359723
14.7815	1254	0.399764
14.8128	1448	0.460631
14.8441	1338	0.424737
14.8754	1309	0.414654
14.9067	1229	0.388492
14.9381	1393	0.439406
14.9694	1288	0.405433
15.0007	922	0.289617
15.032	1008	0.315969
15.0633	1090	0.34096
15.0946	1434	0.447633
15.126	1578	0.49156
15.1573	1929	0.599654
15.1886	1620	0.502556
15.2199	1155	0.357564
15.2512	1151	0.355592
15.2825	1151	0.354861
15.3139	1125	0.346134
15.3452	816	0.250548
15.3765	720	0.22062
15.4078	783	0.239436
15.4391	846	0.258174
15.4704	715	0.217754
15.5018	612	0.186007
15.5331	706	0.214143
15.5644	753	0.227938
15.5957	949	0.28669
15.627	1214	0.366009
15.6583	1322	0.39777
