#CONFIGURATION
#number of particles: 961
#seed:                49
#temperature:         1
#sigma:               1
#epsilon:             1
#normed distance:     1.12246
#r_cut:               1.12246
#dt:                  0.01
#box_width:           41.7556
#box height:          36.3419
#space_in_x:          0.673477
#space_in_y:          0.673477
#axial_ratio:         1
#integration method:  leapfrog integration
#lattice type:        triangular lattice
#boundary conditions: periodic boundaries
#lattice constant:    1.34695
#particle speed:      0.5
#nogui:               1
#runs:                0
#logname:             L12V05.txt
0.0417556	0	-0
0.0835112	0	0
0.125267	0	0
0.167022	0	0
0.208778	0	0
0.250534	0	0
0.292289	0	0
0.334045	0	0
0.3758	0	0
0.417556	0	0
0.459311	0	0
0.501067	0	0
0.542823	0	0
0.584578	0	0
0.626334	0	0
0.668089	0	0
0.709845	0	0
0.751601	0	0
0.793356	0	0
0.835112	0	0
0.876867	0	0
0.918623	0	0
0.960379	0	0
1.00213	0	0
1.04389	3	0.0191478
1.08565	97	0.593843
1.1274	314	1.84695
1.16916	274	1.55085
1.21091	266	1.45082
1.25267	213	1.12099
1.29442	187	0.950792
1.33618	169	0.831099
1.37793	132	0.628535
1.41969	150	0.692267
1.46145	117	0.52385
1.5032	122	0.530404
1.54496	104	0.439411
1.58671	94	0.386279
1.62847	85	0.33998
1.67022	83	0.323358
1.71198	99	0.375927
1.75373	83	0.307389
1.79549	84	0.303597
1.83725	73	0.257632
1.879	84	0.289638
1.92076	103	0.347171
1.96251	99	0.326355
2.00427	137	0.44191
2.04602	116	0.366294
2.08778	137	0.423687
2.12953	163	0.493911
2.17129	182	0.540562
2.21305	248	0.722288
2.2548	219	0.625678
2.29656	255	0.714911
2.33831	241	0.663264
2.38007	268	0.724282
2.42182	230	0.610584
2.46358	245	0.639093
2.50534	217	0.556378
2.54709	220	0.554589
2.58885	201	0.498318
2.6306	227	0.553626
2.67236	215	0.51597
2.71411	203	0.4795
2.75587	205	0.476716
2.79762	205	0.469438
2.83938	205	0.462379
2.88114	198	0.439974
2.92289	203	0.4445
2.96465	196	0.422997
3.0064	183	0.389339
3.04816	194	0.406969
3.08991	210	0.434457
3.13167	218	0.444872
3.17342	253	0.509366
3.21518	247	0.4907
3.25694	273	0.535263
3.29869	286	0.553516
3.34045	278	0.531179
3.3822	342	0.645245
3.42396	299	0.55711
3.46571	292	0.537392
3.50747	291	0.52906
3.54922	280	0.502965
3.59098	307	0.544939
3.63274	312	0.547336
3.67449	327	0.567019
3.71625	303	0.519398
3.758	281	0.476243
3.79976	289	0.484329
3.84151	330	0.546929
3.88327	298	0.488496
3.92503	281	0.455649
3.96678	314	0.503714
4.00854	284	0.450767
4.05029	286	0.449188
4.09205	298	0.463185
4.1338	314	0.483049
4.17556	307	0.467485
4.21731	295	0.444698
4.25907	358	0.534297
4.30083	338	0.499478
4.34258	364	0.532652
4.38434	343	0.497072
4.42609	403	0.578435
4.46785	380	0.540253
4.5096	370	0.521096
4.55136	354	0.493925
4.59311	388	0.536374
4.63487	354	0.484903
4.67663	364	0.494089
4.71838	384	0.516562
4.76014	410	0.546635
4.80189	413	0.545783
4.84365	384	0.503027
4.8854	401	0.520749
4.92716	366	0.471217
4.96891	361	0.460824
5.01067	398	0.503768
5.05243	414	0.519635
5.09418	404	0.502875
5.13594	388	0.478984
5.17769	390	0.477523
5.21945	414	0.502805
5.2612	408	0.491538
5.30296	396	0.473279
5.34472	389	0.461238
5.38647	446	0.524675
5.42823	432	0.504251
5.46998	447	0.51773
5.51174	457	0.525257
5.55349	458	0.522403
5.59525	433	0.49016
5.637	485	0.544912
5.67876	457	0.509636
5.72052	465	0.51473
5.76227	457	0.502168
5.80403	460	0.501789
5.84578	472	0.511161
5.88754	453	0.487068
5.92929	485	0.517763
5.97105	495	0.524704
6.0128	486	0.511549
6.05456	482	0.503803
6.09632	472	0.489937
6.13807	471	0.485539
6.17983	512	0.524201
6.22158	506	0.514546
6.26334	464	0.468659
6.30509	502	0.503649
6.34685	492	0.490337
6.3886	480	0.47522
6.43036	506	0.497676
6.47212	527	0.514954
6.51387	503	0.488321
6.55563	512	0.493862
6.59738	523	0.501249
6.63914	550	0.523779
6.68089	517	0.489246
6.72265	505	0.474894
6.76441	557	0.52053
6.80616	555	0.51545
6.84792	538	0.496586
6.88967	549	0.50364
6.93143	561	0.51152
6.97318	568	0.514774
7.01494	606	0.545914
7.05669	564	0.505045
7.09845	588	0.523412
7.14021	564	0.499086
7.18196	584	0.513753
7.22372	584	0.510757
7.26547	570	0.495623
7.30723	585	0.505734
7.34898	573	0.492521
7.39074	573	0.489715
7.43249	599	0.509035
7.47425	575	0.485887
7.51601	585	0.491568
7.55776	599	0.500528
7.59952	590	0.490276
7.64127	598	0.494186
7.68303	609	0.500519
7.72478	614	0.501878
7.76654	609	0.495093
7.80829	612	0.49485
7.85005	631	0.507477
7.89181	671	0.536769
7.93356	628	0.499706
7.97532	647	0.512107
8.01707	641	0.504695
8.05883	627	0.491094
8.10058	627	0.488543
8.14234	653	0.506172
8.1841	712	0.549068
8.22585	658	0.50483
8.26761	663	0.506077
8.30936	642	0.487566
8.35112	705	0.532714
8.39287	697	0.52403
8.43463	630	0.471294
8.47638	649	0.483098
8.51814	678	0.502193
8.5599	670	0.493829
8.60165	668	0.489947
8.64341	657	0.479534
8.68516	672	0.488107
8.72692	738	0.533463
8.76867	682	0.490619
8.81043	721	0.516199
8.85218	725	0.516597
8.89394	711	0.504226
8.9357	697	0.491971
8.97745	708	0.497395
9.01921	737	0.515354
9.06096	700	0.487211
9.10272	699	0.484267
9.14447	752	0.51859
9.18623	695	0.477089
9.22798	745	0.509082
9.26974	682	0.463918
9.3115	767	0.519383
9.35325	764	0.515026
9.39501	794	0.532855
9.43676	745	0.497744
9.47852	808	0.537441
9.52027	791	0.52381
9.56203	731	0.48195
9.60379	773	0.50741
9.64554	740	0.483632
9.6873	778	0.506261
9.72905	769	0.498243
9.77081	791	0.510293
9.81256	776	0.498472
9.85432	764	0.488671
9.89607	765	0.487233
9.93783	829	0.525762
9.97959	773	0.488182
10.0213	818	0.514435
10.0631	807	0.505398
10.1049	792	0.493942
10.1466	819	0.508666
10.1884	814	0.503476
10.2301	755	0.465065
10.2719	828	0.507946
10.3136	835	0.510153
10.3554	829	0.504433
10.3971	818	0.495729
10.4389	852	0.514256
10.4807	838	0.503778
10.5224	834	0.499372
10.5642	857	0.511103
10.6059	851	0.505515
10.6477	882	0.521863
10.6894	850	0.500953
10.7312	864	0.507211
10.7729	877	0.512836
10.8147	812	0.472982
10.8565	871	0.505386
10.8982	894	0.516733
10.94	878	0.505537
10.9817	827	0.474351
11.0235	884	0.505113
11.0652	853	0.48555
11.107	921	0.522276
11.1487	913	0.515789
11.1905	830	0.46714
11.2323	874	0.490065
11.274	921	0.514495
11.3158	856	0.47641
11.3575	934	0.517899
11.3993	915	0.505495
11.441	927	0.510245
11.4828	876	0.480411
11.5245	920	0.502703
11.5663	974	0.530278
11.6081	944	0.512086
11.6498	946	0.511321
11.6916	918	0.494406
11.7333	921	0.494247
11.7751	961	0.513874
11.8168	893	0.475816
11.8586	907	0.481565
11.9003	924	0.48886
11.9421	960	0.506122
11.9839	994	0.522211
12.0256	1009	0.528241
12.0674	948	0.49458
12.1091	1010	0.525099
12.1509	954	0.494272
12.1926	1002	0.517354
12.2344	959	0.493453
12.2761	968	0.496381
12.3179	1006	0.51411
12.3597	1005	0.511855
12.4014	942	0.478145
12.4432	965	0.488167
12.4849	987	0.497618
12.5267	968	0.486404
12.5684	1054	0.527849
12.6102	962	0.480172
12.6519	1004	0.499473
12.6937	1008	0.499805
12.7355	1028	0.508043
12.7772	945	0.46549
12.819	1016	0.498825
12.8607	1049	0.513347
12.9025	1069	0.521433
12.9442	1056	0.513422
12.986	1052	0.509825
13.0277	968	0.467606
13.0695	1050	0.505588
13.1113	1105	0.530369
13.153	1068	0.510975
13.1948	1016	0.48455
13.2365	1117	0.531031
13.2783	1051	0.498075
13.32	1048	0.495089
13.3618	1054	0.49636
13.4035	1059	0.497154
13.4453	1031	0.482499
13.4871	1141	0.532317
13.5288	1116	0.519039
13.5706	1040	0.482197
13.6123	1070	0.494578
13.6541	1070	0.493059
13.6958	1147	0.526922
13.7376	1045	0.478598
13.7793	1120	0.511386
13.8211	1098	0.499819
13.8629	1059	0.480607
13.9046	1067	0.482777
13.9464	1127	0.508391
13.9881	1124	0.505518
14.0299	1115	0.499971
14.0716	1141	0.510104
14.1134	1103	0.49165
14.1551	1096	0.487083
14.1969	1175	0.520649
14.2387	1139	0.503211
14.2804	1148	0.505697
14.3222	1246	0.547259
14.3639	1120	0.490482
14.4057	1118	0.488181
14.4474	1101	0.479362
14.4892	1150	0.499247
14.5309	1156	0.500404
14.5727	1172	0.50587
14.6145	1142	0.491506
14.6562	1185	0.508554
14.698	1167	0.4994
14.7397	1232	0.525716
14.7815	1120	0.476568
14.8232	1160	0.492192
14.865	1214	0.513651
14.9067	1242	0.52402
14.9485	1192	0.501513
14.9903	1124	0.471581
15.032	1129	0.472357
15.0738	1245	0.519441
15.1155	1238	0.515088
15.1573	1208	0.501216
15.199	1160	0.479972
15.2408	1189	0.490618
15.2825	1228	0.50532
15.3243	1258	0.516249
15.3661	1306	0.534484
15.4078	1216	0.496298
15.4496	1211	0.492916
15.4913	1259	0.511066
15.5331	1261	0.510496
15.5748	1223	0.49378
15.6166	1201	0.483596
15.6583	1319	0.529688
15.7001	1240	0.496633
15.7419	1263	0.504498
15.7836	1242	0.494792
15.8254	1272	0.505401
15.8671	1253	0.496536
15.9089	1230	0.486138
15.9506	1256	0.495109
15.9924	1298	0.510324
16.0341	1241	0.486638
16.0759	1269	0.49632
16.1177	1269	0.49503
16.1594	1347	0.524094
16.2012	1229	0.476945
16.2429	1266	0.490036
16.2847	1299	0.501515
16.3264	1340	0.516016
16.3682	1331	0.511238
16.4099	1351	0.517594
16.4517	1357	0.518568
16.4935	1310	0.499335
16.5352	1253	0.476398
16.577	1309	0.496431
16.6187	1335	0.505015
16.6605	1291	0.487141
16.7022	1434	0.539743
16.744	1389	0.521496
16.7857	1316	0.492855
16.8275	1341	0.500967
16.8693	1337	0.498232
16.911	1341	0.498484
16.9528	1300	0.482048
16.9945	1311	0.484928
17.0363	1399	0.516206
17.078	1347	0.495799
17.1198	1385	0.508538
17.1615	1309	0.479459
17.2033	1323	0.483407
17.2451	1388	0.505924
17.2868	1369	0.497789
17.3286	1389	0.50384
17.3703	1398	0.505881
17.4121	1412	0.509717
17.4538	1381	0.49733
17.4956	1404	0.504402
17.5373	1425	0.510723
17.5791	1369	0.489483
17.6209	1446	0.515784
17.6626	1474	0.524525
17.7044	1437	0.510148
17.7461	1394	0.493714
17.7879	1446	0.510924
17.8296	1473	0.519241
17.8714	1380	0.485317
17.9131	1420	0.498216
17.9549	1376	0.481652
17.9967	1403	0.48996
18.0384	1374	0.478718
18.0802	1495	0.519668
18.1219	1483	0.514305
18.1637	1447	0.500663
18.2054	1413	0.487774
18.2472	1356	0.467022
18.2889	1289	0.442929
18.3307	1422	0.487514
18.3725	1327	0.453907
18.4142	1248	0.425914
18.456	1333	0.453889
18.4977	1274	0.432817
18.5395	1328	0.450143
18.5812	1283	0.433909
18.623	1331	0.44913
18.6647	1274	0.428931
18.7065	1299	0.436369
18.7483	1303	0.436734
18.79	1279	0.427734
18.8318	1244	0.415104
18.8735	1217	0.405193
18.9153	1278	0.42456
18.957	1186	0.393126
18.9988	1268	0.41938
19.0405	1165	0.384466
19.0823	1226	0.403709
19.1241	1196	0.392967
19.1658	1221	0.400304
19.2076	1221	0.399431
19.2493	1211	0.395298
19.2911	1225	0.398999
19.3328	1216	0.39521
19.3746	1204	0.390464
19.4163	1167	0.377648
19.4581	1136	0.366825
19.4999	1188	0.382792
19.5416	1176	0.378113
19.5834	1166	0.374096
19.6251	1154	0.369455
19.6669	1189	0.37985
19.7086	1229	0.391794
19.7504	1157	0.368059
19.7921	1229	0.390136
19.8339	1147	0.363337
19.8757	1152	0.364152
19.9174	1185	0.373795
19.9592	1229	0.386861
20.0009	1199	0.376627
20.0427	1126	0.352957
20.0844	1112	0.347842
20.1262	1186	0.370218
20.1679	1132	0.352627
20.2097	1127	0.350342
20.2515	1189	0.368851
20.2932	1157	0.358183
20.335	1128	0.348486
20.3767	1141	0.351778
20.4185	1158	0.356287
20.4602	1111	0.341126
20.502	1112	0.340736
20.5437	1098	0.33576
20.5855	1099	0.335382
20.6273	1147	0.34932
20.669	1112	0.337974
20.7108	1109	0.336381
20.7525	1140	0.345086
20.7943	1157	0.349526
20.836	1118	0.337066
20.8778	1104	0.332177
