#CONFIGURATION
#number of particles: 961
#seed:                49
#temperature:         1
#sigma:               1
#epsilon:             1
#normed distance:     1.12246
#r_cut:               1.12246
#dt:                  0.05
#box_width:           38.276
#box height:          33.3134
#space_in_x:          0.617354
#space_in_y:          0.617354
#axial_ratio:         1
#integration method:  eulerstep
#lattice type:        triangular lattice
#boundary conditions: periodic boundaries
#lattice constant:    1.23471
#particle speed:      1
#nogui:               0
#runs:                0
#logname:             data.txt
0	19.4367	16.6567	0	-1.38633e-17	6.59664e-17	0	479.875	0	0	0
0.05	19.3172	16.6567	0	-1.38633e-17	6.59664e-17	0	479.875	0	0.0499512	0.00249675
0.1	19.3172	16.6567	0	-1.38633e-17	6.59664e-17	0	479.875	49.7151	0.0999024	0.00998699
0.15	19.3172	16.6567	0	-1.81379e-17	6.86236e-17	0	347.794	565.437	0.149854	0.0224707
0.2	19.3172	16.6567	0	-3.90484e-17	8.05229e-17	0	1182	1509.12	0.191029	0.0366093
0.25	19.2774	16.6567	0	-4.59801e-17	7.2667e-17	0	12902.7	432.002	0.184842	0.0390409
0.3	19.1181	16.6567	0	-1.18994e-17	2.99217e-17	0	13743.6	4.73679e+07	0.288594	0.0954513
0.35	18.9986	16.5874	0	-4.7519e-12	8.84036e-12	0	1.03376e+16	1.20626e+19	0.455928	0.278913
0.4	19.0384	16.8647	0	1.90542	14.5606	0	6.29539e+40	2.9242e+18	11157.7	5.37859e+10
0.45	17.9357	16.2046	0	37.2134	3.78794	0	6.58754e+40	2.0057e+18	2.61095e+16	3.27544e+35
0.5	12.5506	16.1513	0	51.3458	7.16171	0	6.71646e+40	1.50111e+11	5.78435e+16	1.32537e+36
0.55	15.4365	14.9188	0	64.7375	26.1634	0	6.71646e+40	5.18739e+13	9.33149e+16	3.0154e+36
0.6	15.3035	17.2629	0	83.9348	25.478	0	6.71646e+40	5.27492e+11	1.28786e+17	5.40433e+36
0.65	29.8491	8.91729	0	88.5169	20.3481	0	6.71646e+40	9.82433e+10	1.64258e+17	8.49216e+36
0.7	3.42751	28.5498	0	52.9379	48.3705	0	6.71646e+40	2.17971e+07	1.99729e+17	1.22789e+37
0.75	46.8325	18.7915	0	52.5164	48.2979	0	6.71646e+40	1.64474e+09	2.352e+17	1.67645e+37
0.8	21.9809	17.5886	0	86.6888	48.36	0	6.71646e+40	2.39595e+11	2.70672e+17	2.19491e+37
0.85	-2.78711	16.3195	0	91.3691	42.656	0	6.71646e+40	205211	3.06143e+17	2.78325e+37
0.9	17.0061	24.2114	0	91.3691	42.656	0	6.71646e+40	685047	3.41615e+17	3.44149e+37
0.95	-48.4454	-10.4496	0	57.2713	42.6479	0	6.71646e+40	3.52591e+07	3.77086e+17	4.16961e+37
1	-11.6034	5.79304	0	79.963	41.1329	0	6.71646e+40	3.68911e+06	4.12557e+17	4.96763e+37
1.05	116.812	23.6995	0	100.6	32.3937	0	6.71646e+40	93200.8	4.48029e+17	5.83553e+37
1.1	-23.3526	10.481	0	66.5023	49.4426	0	6.71646e+40	1.15264e+07	4.835e+17	6.77333e+37
1.15	41.2691	5.85621	0	97.0923	54.108	0	6.71646e+40	26707.2	5.18972e+17	7.78101e+37
1.2	13.4918	-25.8135	0	75.953	44.7495	0	6.71646e+40	46.4508	5.54443e+17	8.85859e+37
1.25	52.9328	9.28798	0	75.9762	44.7815	0	6.71646e+40	1.83192	5.89914e+17	1.00061e+38
1.3	24.2195	10.432	0	75.9762	44.7815	0	6.71646e+40	2.86537	6.25386e+17	1.12234e+38
1.35	-38.6712	62.584	0	75.9762	44.7817	0	6.71646e+40	2409.45	6.60857e+17	1.25107e+38
1.4	69.0457	12.5466	0	77.8403	46.5605	0	6.71646e+40	1.66168	6.96329e+17	1.38678e+38
1.45	6.24814	13.6757	0	77.8403	46.5605	0	6.71646e+40	2.49886e+09	7.318e+17	1.52948e+38
1.5	113.979	31.8534	0	63.2981	43.8623	0	6.71646e+40	1.29571	7.67271e+17	1.67917e+38
1.55	28.3308	33.6653	0	63.2981	43.8623	0	6.71646e+40	2.30281	8.02743e+17	1.83586e+38
1.6	10.9574	35.4425	0	63.2976	43.8647	0	6.71646e+40	480886	8.38214e+17	1.99952e+38
1.65	163.913	54.1993	0	63.2976	43.8647	0	6.71646e+40	56.9247	8.73686e+17	2.17018e+38
1.7	180.558	56.0805	0	63.2954	43.8605	0	6.71646e+40	293.345	9.09157e+17	2.34783e+38
1.75	-75.5402	74.8718	0	63.2677	43.8364	0	6.71646e+40	7.42481	9.44628e+17	2.53247e+38
1.8	77.4944	76.6477	0	63.2738	43.8377	0	6.71646e+40	7.20214	9.801e+17	2.72409e+38
1.85	94.1375	27.2422	0	63.2734	43.8335	0	6.71646e+40	1607	1.01557e+18	2.92271e+38
1.9	178.977	-5.07985	0	63.2908	43.8359	0	6.71646e+40	1.31604e+08	1.05104e+18	3.12831e+38
1.95	59.2298	-3.26935	0	63.2903	43.8361	0	6.71646e+40	1.81112e+10	1.08651e+18	3.34091e+38
2	75.8339	-1.49353	0	67.0598	54.1249	0	6.71646e+40	0	1.12199e+18	3.56049e+38
2.05	27.9616	50.2734	0	67.0598	54.1249	0	6.71646e+40	202.577	1.15746e+18	3.78706e+38
2.1	-19.9128	67.9076	0	67.0598	54.1249	0	6.71646e+40	82985.2	1.19293e+18	4.02062e+38
2.15	136.801	85.5418	0	71.8167	43.8578	0	6.71646e+40	34.5929	1.2284e+18	4.26117e+38
2.2	227.222	97.5826	0	71.8167	43.8578	0	6.71646e+40	0	1.26387e+18	4.50871e+38
2.25	-23.4558	75.4564	0	71.8167	43.8578	0	6.71646e+40	0	1.29934e+18	4.76323e+38
2.3	135.201	19.3711	0	71.8167	43.8578	0	6.71646e+40	0	1.33481e+18	5.02475e+38
2.35	89.1914	-36.8184	0	71.8167	43.8578	0	6.71646e+40	0	1.37029e+18	5.29326e+38
2.4	43.2606	-24.7775	0	71.8167	43.8578	0	6.71646e+40	0	1.40576e+18	5.56875e+38
2.45	-2.75133	-12.7712	0	71.8167	43.8578	0	6.71646e+40	15.1942	1.44123e+18	5.85123e+38
2.5	87.7107	33.4021	0	71.8167	43.8578	0	6.71646e+40	100660	1.4767e+18	6.14071e+38
2.55	178.091	-22.7178	0	81.452	46.2548	0	6.71646e+40	474.748	1.51217e+18	6.43717e+38
2.6	2.95133	-45.4726	0	81.452	46.2548	0	6.71646e+40	0	1.54764e+18	6.74062e+38
2.65	100.594	-136.492	0	81.452	46.2548	0	6.71646e+40	0	1.58311e+18	7.05106e+38
2.7	266.472	-22.8213	0	81.452	46.2548	0	6.71646e+40	0.0207126	1.61859e+18	7.36849e+38
2.75	23.2162	-181.933	0	81.452	46.2548	0	6.71646e+40	0.337073	1.65406e+18	7.6929e+38
2.8	120.779	-102.395	0	81.452	46.2548	0	6.71646e+40	0	1.68953e+18	8.02431e+38
2.85	218.46	-91.086	0	81.452	46.2548	0	6.71646e+40	2.24115	1.725e+18	8.3627e+38
2.9	179.752	-113.876	0	81.452	46.2548	0	6.71646e+40	0	1.76047e+18	8.70809e+38
2.95	141.082	-34.3023	0	81.452	46.2548	0	6.71646e+40	0	1.79594e+18	9.06046e+38
3	102.216	-91.1549	0	81.452	46.2548	0	6.71646e+40	1.56732e+12	1.83141e+18	9.41983e+38
3.05	131.781	-79.8119	0	81.452	63.3037	0	6.71646e+40	165.806	1.86688e+18	9.78618e+38
3.1	434.049	-136.665	0	81.3301	63.398	0	6.71646e+40	412.882	1.90236e+18	1.01595e+39
3.15	190.628	-57.1213	0	81.3301	63.398	0	6.71646e+40	0	1.93783e+18	1.05398e+39
3.2	-52.6745	-113.969	0	81.3301	63.398	0	6.71646e+40	0	1.9733e+18	1.09272e+39
3.25	113.12	-204.95	0	81.3301	63.398	0	6.71646e+40	0	2.00877e+18	1.13215e+39
3.3	279.03	-364.091	0	81.3301	63.398	0	6.71646e+40	0	2.04424e+18	1.17228e+39
3.35	308.472	-420.904	0	81.3301	63.398	0	6.71646e+40	0	2.07971e+18	1.21311e+39
3.4	337.953	-205.039	0	81.3301	63.398	0	6.71646e+40	97.7746	2.11518e+18	1.25463e+39
3.45	94.6506	-330.083	0	81.3301	63.398	0	6.71646e+40	1.49499	2.15066e+18	1.29686e+39
3.5	260.484	-318.735	0	81.3288	63.3983	0	6.71646e+40	1437.04	2.18613e+18	1.33978e+39
3.55	426.311	-375.548	0	81.3289	63.3983	0	6.71646e+40	0	2.2216e+18	1.38341e+39
3.6	183.051	-296.04	0	81.3289	63.3983	0	6.71646e+40	0.328141	2.25707e+18	1.42773e+39
3.65	-60.1701	-421.118	0	81.3289	63.3983	0	6.71646e+40	0.668566	2.29254e+18	1.47275e+39
3.7	105.582	-205.183	0	81.3289	63.3983	0	6.71646e+40	0	2.32801e+18	1.51848e+39
3.75	135.062	-125.64	0	81.3289	63.3983	0	6.71646e+40	0	2.36348e+18	1.56489e+39
3.8	-108.281	-318.879	0	81.3289	63.3983	0	6.71646e+40	0	2.39896e+18	1.61201e+39
3.85	-78.7585	-171.175	0	81.3289	63.3983	0	6.71646e+40	0.279766	2.43443e+18	1.65983e+39
3.9	87.1114	-159.897	0	81.3289	63.3983	0	6.71646e+40	49157.5	2.4699e+18	1.70835e+39
3.95	-19.7975	-12.1226	0	81.3289	46.3494	0	6.71646e+40	0	2.50537e+18	1.75756e+39
4	282.465	-273.557	0	81.3289	46.3494	0	6.71646e+40	516.863	2.54084e+18	1.80748e+39
4.05	-233.62	-194.014	0	81.3289	46.3494	0	6.71646e+40	0	2.57631e+18	1.85809e+39
4.1	68.5623	-114.54	0	81.3289	46.3494	0	6.71646e+40	0	2.61178e+18	1.9094e+39
4.15	98.0833	-34.9968	0	81.3289	46.3494	0	6.71646e+40	5.03818	2.64726e+18	1.96141e+39
4.2	263.915	44.5811	0	81.3289	46.3494	0	6.71646e+40	0	2.68273e+18	2.01412e+39
4.25	156.924	-148.728	0	81.3289	46.3494	0	6.71646e+40	0	2.7182e+18	2.06753e+39
4.3	50.1317	-1.02299	0	81.3289	46.3494	0	6.71646e+40	0.0534478	2.75367e+18	2.12164e+39
4.35	-56.8576	-194.262	0	81.3289	46.3495	0	6.71646e+40	36.5108	2.78914e+18	2.17645e+39
4.4	-27.4122	89.9026	0	81.3289	46.3495	0	6.71646e+40	0	2.82461e+18	2.23195e+39
4.45	2.06566	-35.2102	0	81.3289	46.3495	0	6.71646e+40	0	2.86008e+18	2.28816e+39
4.5	31.5878	-23.8625	0	81.3289	46.3495	0	6.71646e+40	0	2.89556e+18	2.34506e+39
4.55	60.9088	123.842	0	81.3289	46.3495	0	6.71646e+40	0	2.93103e+18	2.40266e+39
4.6	-45.8828	-1.20171	0	81.3289	46.3495	0	6.71646e+40	0	2.9665e+18	2.46096e+39
4.65	529.126	146.537	0	81.3289	46.3495	0	6.71646e+40	0	3.00197e+18	2.51996e+39
4.7	12.9588	21.4936	0	81.3289	46.3495	0	6.71646e+40	0	3.03744e+18	2.57966e+39
4.75	-230.301	32.8069	0	81.3289	46.3495	0	6.71646e+40	0	3.07291e+18	2.64006e+39
4.8	344.663	385.098	0	81.3289	46.3495	0	6.71646e+40	0	3.10838e+18	2.70116e+39
4.85	-580.513	191.824	0	81.3289	46.3495	0	6.71646e+40	0	3.14386e+18	2.76295e+39
4.9	-278.329	339.598	0	81.3289	46.3495	0	6.71646e+40	0	3.17933e+18	2.82545e+39
4.95	433.146	350.876	0	81.3289	46.3495	0	6.71646e+40	0	3.2148e+18	2.88864e+39
5	326.194	498.684	0	81.3289	46.3495	0	6.71646e+40	4.29651e+15	3.25027e+18	2.95253e+39
5.05	355.676	373.537	0	81.3289	46.3495	0	6.71646e+40	0.911703	3.28574e+18	3.01712e+39
5.1	112.296	384.92	0	81.3289	46.3495	0	6.71646e+40	0	3.32122e+18	3.08241e+39
5.15	550.992	396.233	0	81.3289	46.3495	0	6.71646e+40	0	3.35669e+18	3.1484e+39
5.2	444.079	543.971	0	81.3289	46.3495	0	6.71646e+40	0	3.39217e+18	3.21509e+39
5.25	609.953	418.858	0	81.3289	46.3495	0	6.71646e+40	0	3.42765e+18	3.28248e+39
5.3	230.218	498.402	0	81.3289	46.3495	0	6.71646e+40	0	3.46312e+18	3.35056e+39
5.35	396.051	509.749	0	81.3289	46.3495	0	6.71646e+40	0	3.4986e+18	3.41935e+39
5.4	289.179	452.902	0	81.3289	46.3495	0	6.71646e+40	0	3.53407e+18	3.48883e+39
5.45	454.932	532.411	0	81.3289	46.3495	0	6.71646e+40	0	3.56955e+18	3.55902e+39
5.5	348.061	748.345	0	81.3289	46.3495	0	6.71646e+40	0	3.60503e+18	3.6299e+39
5.55	650.325	623.267	0	81.3289	46.3495	0	6.71646e+40	16.4326	3.6405e+18	3.70148e+39
5.6	-274.973	566.419	0	81.3289	46.3495	0	6.71646e+40	1.37854e+08	3.67598e+18	3.77376e+39
5.65	300.073	714.158	0	81.3289	46.3495	0	6.71646e+40	0	3.71146e+18	3.84673e+39
5.7	602.338	793.701	0	81.3289	46.3495	0	6.71646e+40	0	3.74693e+18	3.92041e+39
5.75	631.738	532.232	0	81.3289	46.3495	0	6.71646e+40	0	3.78241e+18	3.99479e+39
5.8	115.613	679.936	0	81.3289	46.3495	0	6.71646e+40	0	3.81788e+18	4.06986e+39
5.85	417.997	759.479	0	81.3289	46.3495	0	6.71646e+40	0	3.85336e+18	4.14564e+39
5.9	174.575	838.988	0	81.3289	46.3495	0	6.71646e+40	0	3.88884e+18	4.22211e+39
5.95	204.137	782.175	0	81.3289	46.3495	0	6.71646e+40	0	3.92431e+18	4.29928e+39
6	506.361	929.845	0	81.3289	46.3495	0	6.71646e+40	0	3.95979e+18	4.37715e+39
6.05	-282.55	736.605	0	81.3289	46.3495	0	6.71646e+40	0	3.99526e+18	4.45572e+39
6.1	565.28	884.31	0	81.3289	46.3495	0	6.71646e+40	10.449	4.03074e+18	4.53499e+39
6.15	321.939	895.692	0	81.3289	46.3495	0	6.71646e+40	0	4.06622e+18	4.61496e+39
6.2	78.6763	770.579	0	81.3289	46.3495	0	6.71646e+40	0	4.10169e+18	4.69562e+39
6.25	380.9	577.306	0	81.3289	46.3495	0	6.71646e+40	0	4.13717e+18	4.77699e+39
6.3	683.166	656.883	0	81.3289	46.3495	0	6.71646e+40	5.35844	4.17265e+18	4.85905e+39
6.35	985.347	1145.6	0	81.3289	46.3495	0	6.71646e+40	0	4.20812e+18	4.94181e+39
6.4	742.128	406.762	0	81.3289	46.3495	0	6.71646e+40	0	4.2436e+18	5.02527e+39
6.45	-46.858	759.018	0	81.3289	46.3495	0	6.71646e+40	0	4.27907e+18	5.10943e+39
6.5	255.526	702.171	0	81.3289	46.3495	0	6.71646e+40	22747.4	4.31455e+18	5.19429e+39
6.55	830.449	781.748	0	81.3251	63.3907	0	6.71646e+40	0	4.35003e+18	5.27985e+39
6.6	314.408	997.613	0	81.3251	63.3907	0	6.71646e+40	0	4.3855e+18	5.36611e+39
6.65	616.668	940.799	0	81.3251	63.3907	0	6.71646e+40	74.9957	4.42098e+18	5.45307e+39
6.7	100.511	747.49	0	81.3251	63.3907	0	6.71646e+40	0	4.45646e+18	5.54072e+39
6.75	402.813	827.068	0	81.3251	63.3907	0	6.71646e+40	0	4.49193e+18	5.62908e+39
6.8	432.296	1042.97	0	81.3251	63.3907	0	6.71646e+40	0	4.52741e+18	5.71813e+39
6.85	734.515	986.085	0	81.3251	63.3907	0	6.71646e+40	0	4.56288e+18	5.80788e+39
6.9	763.958	1065.63	0	81.3251	63.3907	0	6.71646e+40	0	4.59836e+18	5.89833e+39
6.95	520.697	735.997	0	81.3251	63.3907	0	6.71646e+40	0	4.63384e+18	5.98948e+39
7	277.32	1224.75	0	81.3251	63.3907	0	6.71646e+40	0	4.66931e+18	6.08133e+39
7.05	306.84	1167.8	0	81.3251	63.3907	0	6.71646e+40	0	4.70479e+18	6.17388e+39
7.1	609.06	974.591	0	81.3251	63.3907	0	6.71646e+40	1.14427e+07	4.74027e+18	6.26712e+39
7.15	365.798	1190.46	0	81.3251	63.3907	0	6.71646e+40	64.6552	4.77574e+18	6.36107e+39
7.2	940.847	1133.64	0	81.3809	63.4078	0	6.71646e+40	3.42866e+08	4.81122e+18	6.45571e+39
7.25	1515.82	1349.54	0	68.7889	59.2443	0	6.71646e+40	0	4.84669e+18	6.55105e+39
7.3	1149.05	859.375	0	68.7889	59.2443	0	6.71646e+40	0	4.88217e+18	6.6471e+39
7.35	509.552	914.773	0	68.7889	59.2443	0	6.71646e+40	0	4.91765e+18	6.74384e+39
7.4	961.055	1106.53	0	68.7889	59.2443	0	6.71646e+40	0	4.95312e+18	6.84128e+39
7.45	594.305	1161.89	0	68.7889	59.2443	0	6.71646e+40	0	4.9886e+18	6.93942e+39
7.5	1318.71	808.15	0	68.7889	59.2443	0	6.71646e+40	0	5.02407e+18	7.03825e+39
7.55	1224.73	727.122	0	68.7889	59.2443	0	6.71646e+40	0	5.05955e+18	7.13779e+39
7.6	39.582	509.806	0	68.7889	59.2443	0	6.71646e+40	0	5.09503e+18	7.23802e+39
7.65	218.387	974.274	0	68.7889	59.2443	0	6.71646e+40	0	5.1305e+18	7.33896e+39
7.7	124.375	620.533	0	68.7889	59.2443	0	6.71646e+40	0	5.16598e+18	7.44059e+39
7.75	1667.17	675.896	0	68.7889	59.2443	0	6.71646e+40	67.1615	5.20146e+18	7.54292e+39
7.8	481.983	594.938	0	68.7889	59.2443	0	6.71646e+40	0	5.23693e+18	7.64595e+39
7.85	660.826	923.118	0	68.7889	59.2443	0	6.71646e+40	0	5.27241e+18	7.74968e+39
7.9	1385.12	978.447	0	68.7889	59.2443	0	6.71646e+40	0	5.30788e+18	7.85411e+39
7.95	745.614	897.453	0	68.7889	59.2443	0	6.71646e+40	0	5.34336e+18	7.95924e+39
8	924.345	816.494	0	68.7889	59.2443	0	6.71646e+40	0	5.37884e+18	8.06507e+39
8.05	1376.01	462.718	0	68.7889	59.2443	0	6.71646e+40	0	5.41431e+18	8.17159e+39
8.1	1827.55	927.221	0	68.7889	59.2443	0	6.71646e+40	0	5.44979e+18	8.27882e+39
8.15	642.529	709.836	0	68.7889	59.2443	0	6.71646e+40	0	5.48527e+18	8.38674e+39
8.2	821.255	765.269	0	68.7889	59.2443	0	6.71646e+40	0	5.52074e+18	8.49536e+39
8.25	1272.84	275.067	0	68.7889	59.2443	0	6.71646e+40	0	5.55622e+18	8.60468e+39
8.3	1178.95	603.247	0	68.7889	59.2443	0	6.71646e+40	0	5.59169e+18	8.7147e+39
8.35	266.498	522.219	0	68.7889	59.2443	0	6.71646e+40	0	5.62717e+18	8.82542e+39
8.4	990.944	986.825	0	68.7889	59.2443	0	6.71646e+40	0	5.66265e+18	8.93684e+39
8.45	896.935	633.049	0	68.7889	59.2443	0	6.71646e+40	0	5.69812e+18	9.04896e+39
8.5	802.996	415.63	0	68.7889	59.2443	0	6.71646e+40	0	5.7336e+18	9.16177e+39
8.55	1254.54	471.063	0	68.7889	59.2443	0	6.71646e+40	0.038386	5.76907e+18	9.27529e+39
8.6	615.038	935.565	0	68.7889	59.2443	0	6.71646e+40	0	5.80455e+18	9.3895e+39
8.65	1612.15	854.606	0	68.7889	59.2443	0	6.71646e+40	0	5.84003e+18	9.50441e+39
8.7	699.867	500.796	0	68.7889	59.2443	0	6.71646e+40	0	5.8755e+18	9.62002e+39
8.75	878.63	283.446	0	68.7889	59.2443	0	6.71646e+40	0	5.91098e+18	9.73633e+39
8.8	1330.18	202.418	0	68.7889	59.2443	0	6.71646e+40	0	5.94646e+18	9.85334e+39
8.85	1236.16	257.816	0	68.7889	59.2443	0	6.71646e+40	0	5.98193e+18	9.97105e+39
8.9	1960.54	722.387	0	68.7889	59.2443	0	6.71646e+40	0	6.01741e+18	1.00895e+40
8.95	1593.81	777.75	0	68.7889	59.2443	0	6.71646e+40	0	6.05288e+18	1.02086e+40
9	954.234	560.365	0	68.7889	59.2443	0	6.71646e+40	0	6.08836e+18	1.03284e+40
9.05	1133.03	752.154	0	68.7889	59.2443	0	6.71646e+40	0	6.12384e+18	1.04489e+40
9.1	1584.7	534.77	0	68.7889	59.2443	0	6.71646e+40	0	6.15931e+18	1.05701e+40
9.15	2036.2	590.133	0	68.7889	59.2443	0	6.71646e+40	0	6.19479e+18	1.0692e+40
9.2	1669.44	236.357	0	68.7889	59.2443	0	6.71646e+40	0	6.23027e+18	1.08146e+40
9.25	757.122	428.181	0	68.7889	59.2443	0	6.71646e+40	0	6.26574e+18	1.09379e+40
9.3	1481.45	756.292	0	68.7889	59.2443	0	6.71646e+40	0	6.30122e+18	1.10619e+40
9.35	1387.48	675.298	0	68.7889	59.2443	0	6.71646e+40	200.143	6.33669e+18	1.11866e+40
9.4	1839.1	321.523	0	68.7889	59.2443	0	6.71646e+40	0	6.37217e+18	1.1312e+40
9.45	2017.79	376.955	0	68.7889	59.2443	0	6.71646e+40	0	6.40765e+18	1.14381e+40
9.5	2196.71	705.136	0	68.7889	59.2443	0	6.71646e+40	0	6.44312e+18	1.15649e+40
9.55	1829.95	487.681	0	68.7889	59.2443	0	6.71646e+40	0.104984	6.4786e+18	1.16923e+40
9.6	1735.9	543.079	0	68.7889	59.2443	0	6.71646e+40	0	6.51408e+18	1.18205e+40
9.65	1914.78	462.086	0	68.7889	59.2443	0	6.71646e+40	0	6.54955e+18	1.19494e+40
9.7	1820.81	926.657	0	68.7889	59.2443	0	6.71646e+40	0	6.58503e+18	1.2079e+40
9.75	2272.35	572.882	0	68.7889	59.2443	0	6.71646e+40	0	6.6205e+18	1.22093e+40
9.8	1632.77	219.071	0	68.7889	59.2443	0	6.71646e+40	0	6.65598e+18	1.23403e+40
9.85	1538.83	138.112	0	68.7889	59.2443	0	6.71646e+40	0	6.69146e+18	1.2472e+40
9.9	1444.78	57.1188	0	68.7889	59.2443	0	6.71646e+40	0	6.72693e+18	1.26044e+40
9.95	1896.44	521.691	0	68.7889	59.2443	0	6.71646e+40	0	6.76241e+18	1.27374e+40
10	2347.99	167.845	0	68.7889	59.2443	0	6.71646e+40	0	6.79788e+18	1.28712e+40
10.05	2799.61	496.026	0	68.7889	59.2443	0	6.71646e+40	0	6.83336e+18	1.30057e+40
10.1	2978.42	142.25	0	68.7889	59.2443	0	6.71646e+40	0	6.86884e+18	1.31409e+40
10.15	1793.27	61.2912	0	68.7889	59.2443	0	6.71646e+40	0	6.90431e+18	1.32768e+40
10.2	2244.82	-156.094	0	68.7889	59.2443	0	6.71646e+40	0	6.93979e+18	1.34133e+40
10.25	2150.92	444.8	0	68.7889	59.2443	0	6.71646e+40	134.728	6.97527e+18	1.35506e+40
10.3	2056.87	227.449	0	68.7889	59.2443	0	6.71646e+40	0	7.01074e+18	1.36886e+40
10.35	1144.5	-399.144	0	68.7889	59.2443	0	6.71646e+40	0	7.04622e+18	1.38273e+40
10.4	2141.66	-70.9631	0	68.7889	59.2443	0	6.71646e+40	0	7.08169e+18	1.39667e+40
10.45	3138.81	257.183	0	68.7889	59.2443	0	6.71646e+40	0	7.11717e+18	1.41067e+40
10.5	1680.91	449.007	0	68.7889	59.2443	0	6.71646e+40	0	7.15265e+18	1.42475e+40
10.55	1314.16	95.2307	0	68.7889	59.2443	0	6.71646e+40	0	7.18812e+18	1.4389e+40
10.6	3402.44	423.377	0	68.7889	59.2443	0	6.71646e+40	0	7.2236e+18	1.45311e+40
10.65	2217.37	205.992	0	68.7889	59.2443	0	6.71646e+40	0	7.25908e+18	1.4674e+40
10.7	2396.18	261.39	0	68.7889	59.2443	0	6.71646e+40	0	7.29455e+18	1.48176e+40
10.75	2029.38	-501.595	0	68.7889	59.2443	0	6.71646e+40	0	7.33003e+18	1.49618e+40
10.8	1662.62	372.15	0	68.7889	59.2443	0	6.71646e+40	0	7.3655e+18	1.51068e+40
10.85	1841.38	-118.017	0	68.7889	59.2443	0	6.71646e+40	0	7.40098e+18	1.52525e+40
10.9	3656.89	346.589	0	68.7889	59.2443	0	6.71646e+40	0	7.43646e+18	1.53988e+40
10.95	2199.03	265.527	0	68.7889	59.2443	0	6.71646e+40	0	7.47193e+18	1.55459e+40
11	2923.36	457.35	0	68.7889	59.2443	0	6.71646e+40	0	7.50741e+18	1.56937e+40
11.05	1465.51	-32.886	0	68.7889	59.2443	0	6.71646e+40	6328.18	7.54288e+18	1.58421e+40
11.1	2189.88	-113.844	0	70.0253	66.5473	0	6.71646e+40	0	7.57836e+18	1.59913e+40
11.15	2368.63	214.632	0	70.0253	66.5473	0	6.71646e+40	0	7.61384e+18	1.61411e+40
11.2	3093.02	133.968	0	70.0253	66.5473	0	6.71646e+40	0	7.64931e+18	1.62917e+40
11.25	2180.71	326.054	0	70.0253	66.5473	0	6.71646e+40	0	7.68479e+18	1.64429e+40
11.3	1268.38	108.999	0	70.0253	66.5473	0	6.71646e+40	0	7.72027e+18	1.65949e+40
11.35	1992.69	164.762	0	70.0253	66.5473	0	6.71646e+40	0	7.75574e+18	1.67475e+40
11.4	1080.43	-52.327	0	70.0253	66.5473	0	6.71646e+40	0	7.79122e+18	1.69009e+40
11.45	2350.3	-269.415	0	70.0253	66.5473	0	6.71646e+40	0	7.82669e+18	1.70549e+40
11.5	1438	-213.722	0	70.0253	66.5473	0	6.71646e+40	0	7.86217e+18	1.72097e+40
11.55	3253.52	251.215	0	70.0253	66.5473	0	6.71646e+40	0	7.89765e+18	1.73651e+40
11.6	2341.18	170.552	0	70.0253	66.5473	0	6.71646e+40	0	7.93312e+18	1.75213e+40
11.65	1974.36	89.8546	0	70.0253	66.5473	0	6.71646e+40	0	7.9686e+18	1.76781e+40
11.7	1607.63	-263.626	0	70.0253	66.5473	0	6.71646e+40	0	8.00408e+18	1.78357e+40
11.75	1786.37	-71.5063	0	70.0253	66.5473	0	6.71646e+40	0	8.03955e+18	1.79939e+40
11.8	874.07	120.614	0	70.0253	66.5473	0	6.71646e+40	0	8.07503e+18	1.81529e+40
11.85	2143.99	176.377	0	70.0253	66.5473	0	6.71646e+40	0	8.1105e+18	1.83125e+40
11.9	2322.77	368.392	0	70.0253	66.5473	0	6.71646e+40	0	8.14598e+18	1.84729e+40
11.95	1956.03	-939.758	0	70.0253	66.5473	0	6.71646e+40	0	8.18146e+18	1.86339e+40
12	1043.77	-611.281	0	70.0253	66.5473	0	6.71646e+40	0	8.21693e+18	1.87956e+40
12.05	676.956	-282.736	0	70.0253	66.5473	0	6.71646e+40	0	8.25241e+18	1.89581e+40
12.1	1401.3	-1318.21	0	70.0253	66.5473	0	6.71646e+40	0	8.28789e+18	1.91212e+40
12.15	1580.12	-444.131	0	70.0253	66.5473	0	6.71646e+40	0	8.32336e+18	1.9285e+40
12.2	1758.92	-933.968	0	70.0253	66.5473	0	6.71646e+40	0	8.35884e+18	1.94496e+40
12.25	3028.87	-332.674	0	70.0253	66.5473	0	6.71646e+40	0	8.39431e+18	1.96148e+40
12.3	1571	-1095.33	0	70.0253	66.5473	0	6.71646e+40	0	8.42979e+18	1.97807e+40
12.35	658.575	-1039.6	0	70.0253	66.5473	0	6.71646e+40	0	8.46527e+18	1.99474e+40
12.4	291.89	-711.124	0	70.0253	66.5473	0	6.71646e+40	0	8.50074e+18	2.01147e+40
12.45	1016.3	-1473.74	0	70.0253	66.5473	0	6.71646e+40	0	8.53622e+18	2.02827e+40
12.5	649.486	-54.1362	0	70.0253	66.5473	0	6.71646e+40	0	8.57169e+18	2.04515e+40
12.55	1373.88	-543.938	0	70.0253	66.5473	0	6.71646e+40	0	8.60717e+18	2.06209e+40
12.6	1007.1	-488.246	0	70.0253	66.5473	0	6.71646e+40	0	8.64265e+18	2.0791e+40
12.65	1185.89	-705.299	0	70.0253	66.5473	0	6.71646e+40	0	8.67812e+18	2.09618e+40
12.7	819.064	-649.64	0	70.0253	66.5473	0	6.71646e+40	0	8.7136e+18	2.11334e+40
12.75	997.859	-593.876	0	70.0253	66.5473	0	6.71646e+40	0	8.74908e+18	2.13056e+40
12.8	631.078	-1356.5	0	70.0253	66.5473	0	6.71646e+40	0	8.78455e+18	2.14785e+40
12.85	809.944	-1300.8	0	70.0253	66.5473	0	6.71646e+40	0	8.82003e+18	2.16521e+40
12.9	443.122	-972.257	0	70.0253	66.5473	0	6.71646e+40	0	8.8555e+18	2.18264e+40
12.95	621.938	-643.816	0	70.0253	66.5473	0	6.71646e+40	0	8.89098e+18	2.20015e+40
13	255.174	-1133.62	0	70.0253	66.5473	0	6.71646e+40	0	8.92646e+18	2.21772e+40
13.05	-1202.74	-1077.92	0	70.0253	66.5473	0	6.71646e+40	0	8.96193e+18	2.23536e+40
13.1	-478.394	-749.413	0	70.0253	66.5473	0	6.71646e+40	0	8.99741e+18	2.25307e+40
13.15	-299.569	-693.754	0	70.0253	66.5473	0	6.71646e+40	0	9.03289e+18	2.27085e+40
13.2	424.831	-1456.34	0	70.0253	66.5473	0	6.71646e+40	0	9.06836e+18	2.2887e+40
13.25	603.575	-855.045	0	70.0253	66.5473	0	6.71646e+40	0	9.10384e+18	2.30662e+40
13.3	1873.5	291.813	0	70.0253	66.5473	0	6.71646e+40	0	9.13931e+18	2.32462e+40
13.35	1506.75	-743.658	0	70.0253	66.5473	0	6.71646e+40	0	9.17479e+18	2.34268e+40
13.4	1685.58	-687.93	0	70.0253	66.5473	0	6.71646e+40	0	9.21027e+18	2.36081e+40
13.45	227.681	-359.419	0	70.0253	66.5473	0	6.71646e+40	0	9.24574e+18	2.37901e+40
13.5	952.066	-1122.04	0	70.0253	66.5473	0	6.71646e+40	0	9.28122e+18	2.39728e+40
13.55	-505.815	-247.997	0	70.0253	66.5473	0	6.71646e+40	0	9.3167e+18	2.41562e+40
13.6	-1418.2	-192.268	0	70.0253	66.5473	0	6.71646e+40	0	9.35217e+18	2.43403e+40
13.65	-693.838	408.989	0	70.0253	66.5473	0	6.71646e+40	0	9.38765e+18	2.45251e+40
13.7	576.068	-80.8119	0	70.0253	66.5473	0	6.71646e+40	0	9.42312e+18	2.47106e+40
13.75	1300.42	-297.937	0	70.0253	66.5473	0	6.71646e+40	0	9.4586e+18	2.48968e+40
13.8	-157.4	576.14	0	70.0253	66.5473	0	6.71646e+40	0	9.49408e+18	2.50837e+40
13.85	-1069.79	-459.262	0	70.0253	66.5473	0	6.71646e+40	0	9.52955e+18	2.52713e+40
13.9	200.124	960.379	0	70.0253	66.5473	0	6.71646e+40	0	9.56503e+18	2.54596e+40
13.95	-166.569	470.543	0	70.0253	66.5473	0	6.71646e+40	0	9.6005e+18	2.56486e+40
14	-533.343	-19.3283	0	70.0253	66.5473	0	6.71646e+40	0	9.63598e+18	2.58383e+40
14.05	-354.604	309.148	0	70.0253	66.5473	0	6.71646e+40	0	9.67146e+18	2.60287e+40
14.1	369.834	-180.69	0	70.0253	66.5473	0	6.71646e+40	0	9.70693e+18	2.62198e+40
14.15	3.0458	1238.95	0	70.0253	66.5473	0	6.71646e+40	0	9.74241e+18	2.64116e+40
14.2	-1454.86	1294.68	0	70.0253	66.5473	0	6.71646e+40	0	9.77789e+18	2.66041e+40
14.25	-1276.07	804.843	0	70.0253	66.5473	0	6.71646e+40	0	9.81336e+18	2.67972e+40
14.3	-1097.29	587.754	0	70.0253	66.5473	0	6.71646e+40	0	9.84884e+18	2.69911e+40
14.35	-918.5	916.265	0	70.0253	66.5473	0	6.71646e+40	0	9.88431e+18	2.71857e+40
14.4	-1285.2	971.959	0	70.0253	66.5473	0	6.71646e+40	0	9.91979e+18	2.7381e+40
14.45	-560.811	1027.69	0	70.0253	66.5473	0	6.71646e+40	0	9.95527e+18	2.7577e+40
14.5	-927.585	-280.497	0	70.0253	66.5473	0	6.71646e+40	0	9.99074e+18	2.77737e+40
14.55	342.332	593.579	0	70.0253	66.5473	0	6.71646e+40	0	1.00262e+19	2.79711e+40
14.6	-1661.15	649.239	0	70.0253	66.5473	0	6.71646e+40	0	1.00617e+19	2.81691e+40
14.65	-391.232	705.001	0	70.0253	66.5473	0	6.71646e+40	0	1.00972e+19	2.83679e+40
14.7	-1303.58	1033.48	0	70.0253	66.5473	0	6.71646e+40	0	1.01326e+19	2.85674e+40
14.75	-1670.26	1634.77	0	70.0253	66.5473	0	6.71646e+40	0	1.01681e+19	2.87676e+40
14.8	-2037.13	1144.86	0	70.0253	66.5473	0	6.71646e+40	0	1.02036e+19	2.89685e+40
14.85	-2403.88	1746.19	0	70.0253	66.5473	0	6.71646e+40	0	1.02391e+19	2.917e+40
14.9	-2225	983.573	0	70.0253	66.5473	0	6.71646e+40	0	1.02746e+19	2.93723e+40
14.95	-4228.52	1312.08	0	70.0253	66.5473	0	6.71646e+40	0	1.031e+19	2.95753e+40
15	-1867.47	822.212	0	70.0253	66.5473	0	6.71646e+40	0	1.03455e+19	2.9779e+40
15.05	-1688.61	877.905	0	70.0253	66.5473	0	6.71646e+40	0	1.0381e+19	2.99833e+40
15.1	-2055.47	1751.98	0	70.0253	66.5473	0	6.71646e+40	0	1.04165e+19	3.01884e+40
15.15	-2422.21	1262.14	0	70.0253	66.5473	0	6.71646e+40	0	1.04519e+19	3.03942e+40
15.2	-1697.85	1590.66	0	70.0253	66.5473	0	6.71646e+40	0	1.04874e+19	3.06006e+40
15.25	-1519.11	1100.78	0	70.0253	66.5473	0	6.71646e+40	0	1.05229e+19	3.08078e+40
15.3	-1885.84	1702.04	0	70.0253	66.5473	0	6.71646e+40	0	1.05584e+19	3.10157e+40
15.35	-2798.11	2030.59	0	70.0253	66.5473	0	6.71646e+40	0	1.05938e+19	3.12242e+40
15.4	-1528.23	2086.28	0	70.0253	66.5473	0	6.71646e+40	0	1.06293e+19	3.14335e+40
15.45	-1894.97	2414.79	0	70.0253	66.5473	0	6.71646e+40	0	1.06648e+19	3.16435e+40
15.5	-2261.71	2470.45	0	70.0253	66.5473	0	6.71646e+40	0	1.07003e+19	3.18541e+40
15.55	-2082.97	2526.21	0	70.0253	66.5473	0	6.71646e+40	0	1.07357e+19	3.20655e+40
15.6	-2449.7	2036.38	0	70.0253	66.5473	0	6.71646e+40	0	1.07712e+19	3.22775e+40
15.65	-2816.53	1000.94	0	70.0253	66.5473	0	6.71646e+40	0	1.08067e+19	3.24903e+40
15.7	-2092.05	1875.02	0	70.0253	66.5473	0	6.71646e+40	0	1.08422e+19	3.27038e+40
15.75	-822.232	2749.06	0	70.0253	66.5473	0	6.71646e+40	0	1.08776e+19	3.29179e+40
15.8	-2825.69	1440.91	0	70.0253	66.5473	0	6.71646e+40	0	1.09131e+19	3.31328e+40
15.85	-2101.34	2314.91	0	70.0253	66.5473	0	6.71646e+40	0	1.09486e+19	3.33483e+40
15.9	-2468.03	2370.68	0	70.0253	66.5473	0	6.71646e+40	0	1.09841e+19	3.35646e+40
15.95	-3925.99	2153.59	0	70.0253	66.5473	0	6.71646e+40	0	1.10196e+19	3.37815e+40
16	-4292.68	2209.31	0	70.0253	66.5473	0	6.71646e+40	6.80098e+08	1.1055e+19	3.39992e+40
16.05	-3568.38	1719.48	0	70.0253	66.5473	0	6.71646e+40	0	1.10905e+19	3.42175e+40
16.1	-2843.99	2866.3	0	70.0253	66.5473	0	6.71646e+40	0	1.1126e+19	3.44366e+40
16.15	-3756.32	2376.47	0	70.0253	66.5473	0	6.71646e+40	0	1.11615e+19	3.46563e+40
16.2	-3032.02	3250.54	0	70.0253	66.5473	0	6.71646e+40	0	1.11969e+19	3.48768e+40
16.25	-2307.63	3306.23	0	70.0253	66.5473	0	6.71646e+40	0	1.12324e+19	3.50979e+40
16.3	-2128.76	3089.18	0	70.0253	66.5473	0	6.71646e+40	0	1.12679e+19	3.53198e+40
16.35	-4132.23	3144.87	0	70.0253	66.5473	0	6.71646e+40	0	1.13034e+19	3.55423e+40
16.4	-2862.31	2927.85	0	70.0253	66.5473	0	6.71646e+40	0	1.13388e+19	3.57656e+40
16.45	-3774.66	3256.3	0	70.0253	66.5473	0	6.71646e+40	0	1.13743e+19	3.59895e+40
16.5	-3050.26	2766.46	0	70.0253	66.5473	0	6.71646e+40	0	1.14098e+19	3.62141e+40
16.55	-2871.48	3094.97	0	70.0253	66.5473	0	6.71646e+40	0	1.14453e+19	3.64395e+40
16.6	-2692.7	3150.7	0	70.0253	66.5473	0	6.71646e+40	0	1.14807e+19	3.66655e+40
16.65	-2513.82	3206.39	0	70.0253	66.5473	0	6.71646e+40	0	1.15162e+19	3.68922e+40
16.7	-2335.04	3534.87	0	70.0253	66.5473	0	6.71646e+40	0	1.15517e+19	3.71197e+40
16.75	-3792.95	3590.59	0	70.0253	66.5473	0	6.71646e+40	0	1.15872e+19	3.73478e+40
16.8	-3068.61	3919.11	0	70.0253	66.5473	0	6.71646e+40	0	1.16226e+19	3.75766e+40
16.85	-2344.17	2883.7	0	70.0253	66.5473	0	6.71646e+40	0	1.16581e+19	3.78062e+40
16.9	-4347.64	4030.53	0	70.0253	66.5473	0	6.71646e+40	0	1.16936e+19	3.80364e+40
16.95	-3623.29	3540.66	0	70.0253	66.5473	0	6.71646e+40	0	1.17291e+19	3.82673e+40
17	-3444.54	3596.42	0	70.0253	66.5473	0	6.71646e+40	0	1.17646e+19	3.8499e+40
17.05	-3811.25	3652.11	0	70.0253	66.5473	0	6.71646e+40	0	1.18e+19	3.87313e+40
17.1	-4178.07	2616.74	0	70.0253	66.5473	0	6.71646e+40	0	1.18355e+19	3.89643e+40
17.15	-3999.32	4036.32	0	70.0253	66.5473	0	6.71646e+40	0	1.1871e+19	3.91981e+40
17.2	-3820.53	3000.92	0	70.0253	66.5473	0	6.71646e+40	0	1.19065e+19	3.94325e+40
17.25	-3096.1	4420.59	0	70.0253	66.5473	0	6.71646e+40	0	1.19419e+19	3.96676e+40
17.3	-3462.92	3657.94	0	70.0253	66.5473	0	6.71646e+40	0	1.19774e+19	3.99034e+40
17.35	-4375.15	4259.23	0	70.0253	66.5473	0	6.71646e+40	0	1.20129e+19	4.01399e+40
17.4	-3650.86	4042.11	0	70.0253	66.5473	0	6.71646e+40	0	1.20484e+19	4.03772e+40
17.45	-4563.18	4370.65	0	70.0253	66.5473	0	6.71646e+40	0	1.20838e+19	4.06151e+40
17.5	-4929.99	5244.69	0	70.0253	66.5473	0	6.71646e+40	0	1.21193e+19	4.08537e+40
17.55	-4205.69	4482.07	0	70.0253	66.5473	0	6.71646e+40	0	1.21548e+19	4.1093e+40
17.6	-4572.38	5356.11	0	70.0253	66.5473	0	6.71646e+40	0	1.21903e+19	4.1333e+40
17.65	-4939.12	4320.71	0	70.0253	66.5473	0	6.71646e+40	0	1.22257e+19	4.15737e+40
17.7	-3669.3	4649.22	0	70.0253	66.5473	0	6.71646e+40	0	1.22612e+19	4.18152e+40
17.75	-3490.46	4977.7	0	70.0253	66.5473	0	6.71646e+40	0	1.22967e+19	4.20573e+40
17.8	-2220.43	4487.86	0	70.0253	66.5473	0	6.71646e+40	0	1.23322e+19	4.23001e+40
17.85	-4223.98	5361.9	0	70.0253	66.5473	0	6.71646e+40	0	1.23676e+19	4.25436e+40
17.9	-4045.07	5144.85	0	70.0253	66.5473	0	6.71646e+40	0	1.24031e+19	4.27878e+40
17.95	-4411.88	4382.23	0	70.0253	66.5473	0	6.71646e+40	0	1.24386e+19	4.30327e+40
18	-6415.32	4710.71	0	70.0253	66.5473	0	6.71646e+40	0	1.24741e+19	4.32783e+40
18.05	-6782.14	5039.25	0	70.0253	66.5473	0	6.71646e+40	0	1.25096e+19	4.35246e+40
18.1	-3329.97	5367.69	0	70.0253	66.5473	0	6.71646e+40	0	1.2545e+19	4.37716e+40
18.15	-4242.31	4877.89	0	70.0253	66.5473	0	6.71646e+40	0	1.25805e+19	4.40193e+40
18.2	-5700.13	5206.37	0	70.0253	66.5473	0	6.71646e+40	0	1.2616e+19	4.42677e+40
18.25	-6066.92	5262.09	0	70.0253	66.5473	0	6.71646e+40	0	1.26515e+19	4.45168e+40
18.3	-5342.53	5590.6	0	70.0253	66.5473	0	6.71646e+40	0	1.26869e+19	4.47666e+40
18.35	-4618.18	5100.73	0	70.0253	66.5473	0	6.71646e+40	0	1.27224e+19	4.50171e+40
18.4	-4984.95	5429.21	0	70.0253	66.5473	0	6.71646e+40	0	1.27579e+19	4.52683e+40
18.45	-3169.42	5484.94	0	70.0253	66.5473	0	6.71646e+40	0	1.27934e+19	4.55202e+40
18.5	-4627.46	6359.01	0	70.0253	66.5473	0	6.71646e+40	0	1.28288e+19	4.57728e+40
18.55	-2811.95	6414.74	0	70.0253	66.5473	0	6.71646e+40	0	1.28643e+19	4.60261e+40
18.6	-4815.29	5379.31	0	70.0253	66.5473	0	6.71646e+40	0	1.28998e+19	4.62801e+40
18.65	-6273.28	6253.38	0	70.0253	66.5473	0	6.71646e+40	0	1.29353e+19	4.65348e+40
18.7	-5003.33	6036.33	0	70.0253	66.5473	0	6.71646e+40	0	1.29707e+19	4.67902e+40
18.75	-5370.11	5819.27	0	70.0253	66.5473	0	6.71646e+40	0	1.30062e+19	4.70463e+40
18.8	-4100.1	6147.71	0	70.0253	66.5473	0	6.71646e+40	0	1.30417e+19	4.73031e+40
18.85	-6103.59	5930.66	0	70.0253	66.5473	0	6.71646e+40	0	1.30772e+19	4.75606e+40
18.9	-5924.72	6259.2	0	70.0253	66.5473	0	6.71646e+40	0	1.31126e+19	4.78188e+40
18.95	-7382.75	6042.12	0	70.0253	66.5473	0	6.71646e+40	0	1.31481e+19	4.80776e+40
19	-5567.19	6643.44	0	70.0253	66.5473	0	6.71646e+40	0	1.31836e+19	4.83372e+40
