#CONFIGURATION
#number of particles: 961
#seed:                49
#temperature:         1
#sigma:               1
#epsilon:             1
#normed distance:     1.12246
#r_cut:               1.12246
#dt:                  0.01
#box_width:           31.3167
#box height:          27.2564
#space_in_x:          0.505108
#space_in_y:          0.505108
#axial_ratio:         1
#integration method:  leapfrog integration
#lattice type:        triangular lattice
#boundary conditions: periodic boundaries
#lattice constant:    1.01022
#particle speed:      0.5
#nogui:               1
#runs:                0
#logname:             L09V05.txt
0.545073
0.38507
0.306006
0.558176
0.215727
0.461277
0.471257
0.363059
0.093262
0.133771
0.841596
0.310173
0.225944
0.519662
0.313532
0.189354
0.353962
0.397511
0.424704
0.354803
0.901612
0.221574
0.289986
0.224381
0.311572
0.246023
0.501813
0.401493
0.490333
0.667989
0.573235
0.542188
0.518347
0.14795
0.559724
0.562211
0.111063
0.37997
0.487109
0.0852576
0.651835
0.151453
0.447824
0.502843
0.127128
0.484764
0.372129
0.237063
0.371402
0.150246
0.559213
0.176227
0.523874
0.546983
0.365291
0.633516
0.290124
0.423229
0.197073
0.441576
0.294035
0.45785
0.264629
0.600728
0.993964
0.538337
0.119009
0.110034
0.223992
0.0990557
0.748218
0.28509
0.235303
0.485178
0.622181
0.24293
0.470525
0.124169
0.359432
0.250724
0.694272
0.632668
0.212613
0.595044
0.475587
0.471736
0.374447
0.579795
0.503485
0.415276
0.400107
0.651063
0.162022
0.392349
0.48432
0.193514
0.686032
0.730282
0.317193
0.285312
0.0525188
0.371842
0.593694
0.476037
0.723576
0.029905
0.103683
0.865463
0.563064
0.0579076
0.497251
0.15364
0.903827
0.309382
0.591753
0.522258
0.128938
0.314878
0.220834
0.363678
0.550519
0.420192
0.213951
0.252318
0.226717
0.168399
0.356204
0.491459
0.645946
0.292788
0.792634
0.400304
0.486804
0.262672
0.26691
0.530094
0.7189
0.232862
0.321092
0.274634
0.355938
0.282186
0.34254
0.407316
0.148474
0.0859237
0.212401
0.629658
0.644786
0.571111
0.769659
0.730538
0.776949
0.091236
0.491673
0.63645
0.663143
0.491308
0.482761
0.403131
0.617002
0.248763
0.291249
0.157477
0.440595
0.692881
0.339502
0.35875
0.294582
0.419383
0.503772
0.369418
0.20413
0.830449
0.445995
0.588837
0.176731
0.21166
0.19062
0.421607
0.22107
0.154707
0.131037
0.683729
0.377774
0.268315
1.08282
0.543593
0.15146
0.178026
0.426328
0.515219
0.730233
0.640837
0.541035
0.112175
0.360501
0.24963
0.510601
0.727216
0.176283
0.158734
0.563433
0.464258
0.666736
0.235193
0.513141
0.193691
0.402336
0.405984
0.608597
0.395542
0.53406
0.283126
0.144523
0.202082
0.43367
0.24352
0.640762
0.249955
0.0704512
0.323417
0.733151
0.131938
0.704765
0.401758
0.74893
0.772257
0.511718
0.136029
0.237886
0.176914
0.348612
0.437161
0.538864
0.490914
0.0856175
0.314462
0.289214
0.0955101
0.245442
0.354241
0.11422
0.286001
0.11699
0.23715
0.752757
0.536966
0.257667
0.945415
0.752202
0.681711
0.451235
0.307678
0.475068
0.309565
0.200997
0.0477315
0.305152
0.182035
0.890603
0.669068
0.902378
0.374538
0.173776
0.257526
0.327289
0.563924
0.500645
0.0666149
0.633437
0.63565
0.489628
0.450933
0.0307757
0.435024
0.429645
0.305711
0.339692
0.232755
1.05215
0.626812
0.257866
0.323783
0.342019
0.354862
0.445591
0.466444
0.398326
0.0298601
0.235846
0.169966
0.0440087
0.309357
0.92224
0.211197
0.572035
0.712875
0.202316
0.199952
0.739851
0.104384
0.12003
0.787361
0.251062
0.565522
0.191775
0.579593
0.418539
0.389614
0.298172
0.496841
0.264424
0.544556
0.44843
0.25274
0.415699
0.456621
0.654604
0.598428
0.267962
0.154612
0.318947
0.0855809
0.28058
0.583473
0.826675
0.950582
0.648718
0.487167
0.318032
0.183968
0.741153
0.24965
0.737564
0.325279
0.463172
0.758008
0.366252
0.27182
0.332074
0.474577
0.153233
0.91384
0.506284
0.839259
0.281863
0.359512
0.535112
0.280316
0.609626
0.434998
0.244815
0.207853
0.494515
0.178385
0.277175
0.561711
0.585887
0.437538
0.597976
0.716136
0.452942
0.452042
0.303556
0.649025
0.564144
0.723218
0.603348
0.131764
0.153707
0.452435
0.606184
0.594708
0.692984
0.562346
0.150514
0.0845881
0.435964
0.560559
0.180497
0.800856
0.271527
0.298133
0.418424
0.35129
0.703717
0.627536
0.275628
0.199302
0.676817
0.188456
0.747806
0.296462
0.16443
0.69894
0.513516
0.376419
0.727392
0.419897
0.210283
0.425605
0.808382
0.170873
0.235774
0.420006
0.354516
0.623754
0.277164
0.497318
0.451777
0.176801
0.657832
0.681448
0.517707
0.449811
0.325789
0.305038
0.39994
0.662101
0.268592
0.350428
0.386452
0.217673
0.386413
0.386068
0.263138
0.591357
0.775641
0.302407
0.47586
0.125462
0.54533
0.456822
0.409636
0.889238
0.270977
0.113025
0.285102
0.618421
0.615716
0.431584
0.319572
0.0755009
0.229942
0.490969
0.469282
0.44564
0.663238
0.47236
0.780547
0.570906
0.229259
0.421446
0.271205
0.666485
0.0603539
0.323452
0.326274
0.913172
0.344412
0.522803
0.25583
0.548504
0.172556
0.315561
0.367023
0.273923
0.384363
0.321215
0.19566
0.445265
0.454833
0.769876
0.12187
0.282422
0.683086
0.640853
0.41457
0.133636
0.745387
0.336175
0.47625
0.553842
0.398315
0.630984
0.744112
0.0646703
0.751801
0.291174
0.969262
0.403991
0.514577
0.356583
0.422274
0.726797
0.489091
0.792534
0.289521
0.452277
0.576553
0.323447
0.493548
0.432818
0.0409133
0.566095
0.371711
0.417377
0.79169
0.47916
0.273982
0.201125
1.05342
0.490135
0.854861
0.197543
0.533539
0.265628
0.34252
0.572335
0.664664
0.55281
0.1345
0.620304
0.549967
0.243574
0.596526
0.242682
0.293001
0.857502
0.54089
0.347442
0.54154
0.257129
0.466154
0.182093
0.158344
0.0537123
0.487923
0.236146
0.520796
0.0922774
0.318277
0.419635
0.533521
0.328356
0.210704
0.366721
0.215952
0.51999
0.645858
0.972998
0.569515
0.32188
0.404217
0.546407
0.35921
0.310879
0.459869
0.625383
0.874223
0.675811
0.324766
0.223607
0.113616
0.700639
0.323453
0.150679
0.380635
0.3549
0.644899
0.526245
0.400283
0.598578
0.248867
0.152918
0.924219
0.666088
0.725916
0.439974
0.582751
0.451815
0.641571
0.746653
0.375043
0.199835
0.296414
0.143209
0.457683
0.603473
0.151699
0.57163
0.524667
0.779766
0.285132
0.607347
0.369727
0.813772
1.03525
0.339148
0.128953
0.40028
0.540783
0.405334
0.144799
0.472594
0.696598
0.434652
0.711094
0.680116
0.106866
0.539308
0.73265
0.244237
0.808842
0.533108
0.271035
0.474903
0.404364
0.339286
0.51211
0.160733
0.611933
0.339904
0.422982
0.313248
0.708465
0.961528
0.592619
0.428632
0.524356
0.497463
0.30405
1.03114
0.167428
0.269739
0.53255
0.0999757
0.331303
0.77015
0.409131
0.103643
0.638523
0.291529
0.644578
0.627312
0.311774
0.363718
0.346434
0.414015
0.262779
0.326536
0.414839
0.325456
0.680238
0.28013
0.703049
0.562807
0.360662
0.0809023
0.297336
0.0609449
0.349105
0.144407
0.960818
0.370268
0.60903
0.0732497
0.787924
0.241651
0.436954
0.613595
0.367365
0.456222
0.0877422
0.274274
0.607454
0.464074
0.653587
0.0471156
0.294946
0.665095
0.707716
0.403938
0.292143
0.294944
1.00031
0.159512
0.295759
0.773153
0.0649029
0.912296
0.784824
0.763216
0.654074
0.249012
0.462115
0.424303
0.085716
0.666707
0.131274
0.0442906
0.119574
0.184145
0.193615
0.21729
0.0304249
0.429473
0.165132
0.321817
0.556851
0.419836
0.15326
0.0456642
0.243586
0.384929
0.65465
0.275867
0.30759
0.528578
0.298674
0.90725
0.683891
0.369887
0.665645
0.852498
0.252839
0.432383
0.10556
0.421386
0.0899894
0.204998
0.618626
0.117156
0.376327
0.490567
0.133636
0.262239
0.112584
0.250498
0.518276
0.652414
0.0516724
0.223464
0.450315
0.108673
0.731044
0.376144
0.127792
0.258814
0.619608
0.205289
0.651689
0.297255
0.0439843
0.722105
0.205312
0.110733
0.375916
0.293612
0.699226
0.160483
0.699054
0.587705
0.611729
0.102532
0.386487
0.689675
0.396669
0.357265
0.355626
0.317537
0.438098
0.958181
0.079352
0.848768
0.673694
0.26082
0.598852
0.396592
0.526252
0.492065
0.110004
0.245159
0.380795
0.382742
0.595801
0.504721
0.546995
0.314902
0.444528
0.508965
0.68622
0.228518
0.283301
0.651694
0.285856
0.0906476
0.314141
0.708163
0.672034
0.807604
0.503906
0.313751
0.443389
0.366935
0.71997
0.106798
0.588954
0.41495
0.466364
0.226919
0.389592
0.184024
0.51985
0.438652
0.471518
0.42859
0.257148
0.715732
0.557467
0.111333
0.252153
0.180214
0.431305
0.356771
0.325548
0.489542
0.12421
0.634356
0.517475
0.124533
0.521921
0.117758
0.63538
0.308692
0.492108
0.516861
0.462001
0.366034
0.312763
0.243634
0.270003
0.658411
0.275869
0.340354
0.196159
0.877914
0.116156
0.255822
0.402713
0.482064
0.514461
0.0936172
0.244912
0.617235
0.695445
0.906502
0.0643905
0.496102
0.758792
0.10899
0.195977
0.529802
0.312921
0.22522
0.337331
0.124723
0.250602
0.341379
0.693835
0.172506
0.440654
0.239194
0.516622
1.09933
0.571502
0.163091
0.206858
0.245421
0.0563691
0.535505
0.595609
0.221586
0.242912
0.151202
0.296381
0.346214
0.51979
0.692288
1.01606
0.399643
0.116339
0.275549
0.970613
0.406912
0.303721
0.458541
0.801256
0.0926229
0.260985
0.505798
0.880129
0.252561
0.418928
0.0481117
0.292463
0.306396
0.682514
0.674916
0.558188
0.298887
0.249638
0.487837
0.252932
0.25156
0.108716
0.597199
0.393328
0.084811
0.120686
0.312827
0.287776
0.407243
0.434116
0.573022
0.198083
0.222349
0.937016
0.256844
0.794175
0.317063
0.213507
0.786052
0.712235
0.441891
0.116873
0.143339
0.421318
0.368802
0.67968
0.466124
0.28324
0.477918
0.717251
0.401978
0.4944
0.374942
0.279912
0.361012
0.543435
0.489238
0.488251
0.574611
0.286672
0.32143
0.759322
0.289488
0.815967
0.682888
0.267882
