#CONFIGURATION
#number of particles: 961
#seed:                49
#temperature:         1
#sigma:               1
#epsilon:             1
#normed distance:     1.12246
#r_cut:               1.12246
#dt:                  0.001
#box_width:           31.3167
#box height:          27.2564
#space_in_x:          0.505108
#space_in_y:          0.505108
#axial_ratio:         1
#integration method:  leapfrog integration
#lattice type:        triangular lattice
#boundary conditions: periodic boundaries
#lattice constant:    1.01022
#particle speed:      0.5
#nogui:               1
#runs:                0
#logname:             L1V05dt0001.txt
0.223134
0.278236
0.394233
0.461807
0.125805
0.280659
0.290532
0.431459
0.50591
0.671516
0.210834
0.407746
0.454459
0.227142
0.707531
0.298269
0.406614
0.279895
0.367492
0.127036
0.598406
0.701904
0.622678
0.591729
0.497161
1.07574
0.128786
0.561078
0.517428
0.453497
0.300834
0.538241
0.839593
0.428157
0.136485
0.501379
0.336963
0.228874
0.412645
0.464772
0.392407
0.309453
0.241727
0.183429
0.161483
0.189083
0.0883408
0.675378
0.22677
0.56378
0.453727
0.640795
0.194551
0.378431
0.723706
0.113138
0.746953
0.287883
0.634098
0.387165
0.514536
0.281299
0.396951
0.44629
0.751304
0.418709
0.439991
0.525427
0.098712
0.286326
0.25343
0.319243
0.588559
0.279827
0.297204
0.294886
0.264344
0.487454
0.764131
0.678357
0.133278
0.364453
0.0977535
0.148116
0.302649
0.210691
0.692053
0.29868
0.563377
0.219656
0.469581
0.353909
0.125153
0.302272
0.188942
0.487526
0.633699
0.285887
0.58091
0.228413
0.323046
0.41417
0.799923
0.447643
0.350764
0.667638
0.22879
0.251096
0.260131
0.647184
0.326546
0.141803
0.554676
0.133597
0.242781
0.632846
0.141152
1.02191
0.895239
0.584146
0.476581
0.312156
0.0680454
0.24071
0.421915
0.96774
0.767294
0.136506
0.802223
0.178863
0.42848
0.429291
0.253521
0.390405
0.214387
0.739102
0.333858
0.265095
0.123725
0.296477
0.401862
0.869392
0.268075
0.230131
0.317732
0.433867
0.192698
0.509383
0.715556
0.371727
0.063657
0.569113
0.445455
0.164612
0.507265
0.519176
0.430461
0.500576
0.413845
0.375004
0.31256
0.0441473
0.333593
0.724391
0.72814
0.323008
0.44923
0.535082
0.34267
0.185215
0.596625
0.530265
0.664339
0.264269
0.398354
0.235302
0.246151
0.900916
0.787372
0.51961
0.0898892
0.713074
0.417016
0.355746
0.317184
0.717778
0.284906
0.292399
0.413089
0.592259
0.637084
0.666228
0.501631
0.170056
0.260607
0.599845
0.343695
0.226935
0.678088
0.274394
0.485015
0.35375
0.680691
0.133416
0.21063
0.585046
0.519424
0.562846
0.607201
0.897508
0.253575
0.270713
0.488284
0.397792
0.149871
1.36931
0.368124
0.361042
0.0723953
0.414682
0.300473
0.49653
0.624694
0.603573
0.684972
0.237893
0.470592
0.730148
0.372374
0.0492071
0.367822
0.0254911
0.767856
0.468292
0.292754
0.367883
0.350468
0.755072
0.382368
0.0373889
0.461802
0.593781
0.507313
0.819411
0.508305
0.361521
0.121834
0.491109
0.0969303
0.404268
0.626252
0.51443
0.125905
0.418902
0.610124
0.441728
0.255774
0.387938
0.450002
0.107428
0.200823
0.495211
0.181952
0.144963
0.300167
0.300392
0.136274
0.890086
0.077415
0.306514
0.476457
0.497198
0.436608
0.253697
0.337358
0.374341
0.00778905
0.693693
1.29917
0.412234
0.548638
0.35409
0.831409
0.612746
0.613397
0.646333
0.210829
0.320844
0.390056
0.382655
0.034567
0.196827
0.0848967
0.17275
0.155597
0.417276
0.200842
0.669435
0.648359
0.204717
0.167418
0.325904
0.117369
0.289747
0.463782
0.327093
0.571349
0.430386
0.675783
0.542489
0.767149
0.473417
0.224429
0.0867954
0.280611
0.8598
0.533355
0.469696
0.266521
0.402637
0.293316
0.40436
0.354094
0.544356
0.634971
0.668587
0.171569
0.156481
0.409574
0.141576
0.258924
0.425205
0.358368
0.208988
0.196032
0.354859
0.528093
0.197107
0.229148
0.0970301
0.474758
0.305437
0.479511
0.438998
0.328437
0.577125
0.643485
0.464745
0.134849
0.471943
0.352887
0.601541
0.460004
0.542648
0.437069
0.311983
0.286281
0.129719
0.190898
0.255424
0.489694
0.574598
0.457605
0.398209
0.508923
0.399808
0.548996
0.166725
0.346673
0.650684
0.412083
0.667609
0.353408
0.638688
0.300324
0.558734
0.332468
0.292028
0.192322
0.569219
0.331248
0.28951
0.31248
0.354287
0.193436
0.697837
0.170521
0.834382
0.358706
0.242626
0.211712
0.661977
0.197365
0.093845
0.318089
0.556803
0.175595
0.102136
0.638753
0.127174
0.406678
0.19581
0.296931
0.512063
0.779568
0.248839
0.426738
0.136099
0.424104
0.402381
0.327775
0.411677
0.580629
0.286062
0.0890408
0.258377
0.460459
0.902599
0.172014
0.175876
0.31892
0.523406
0.591118
0.421403
0.554496
0.800402
0.340901
0.737772
0.283133
0.496023
0.704336
0.204718
0.346203
0.390967
0.147326
0.569692
0.280756
0.0498923
0.229141
0.229699
0.872589
0.772763
0.732855
0.936737
0.406518
0.19138
0.764773
0.250772
0.448246
0.389557
0.283307
0.338798
0.77662
0.353891
0.204547
0.125572
0.777835
0.464667
0.431943
0.587906
0.366491
0.263022
0.232246
0.23536
0.625891
0.527697
0.291093
0.512359
0.534928
0.774953
0.534009
0.383429
0.296445
0.162957
0.422988
0.8381
0.945038
0.54821
0.24931
0.395175
0.232817
0.358837
0.215261
0.594094
0.496543
0.373682
0.316921
0.497192
0.521172
0.0798702
0.279085
0.255435
0.486614
0.106241
0.62456
0.302491
0.32204
0.302051
0.550675
0.346066
0.704509
0.507437
0.583498
0.23853
0.0430148
0.418542
0.14412
0.368241
0.161762
0.454089
0.345273
0.729623
0.10231
0.424937
0.564502
0.499818
0.458378
0.196704
0.187293
0.268954
0.698012
0.547378
0.213294
0.460971
0.421816
0.353212
0.271214
0.156459
0.449915
0.604194
0.185097
0.473577
0.235724
0.238068
0.522648
0.262771
0.0559671
0.0342139
0.521304
0.909047
0.225657
0.493407
0.327524
0.295067
0.238468
0.737389
0.534227
0.664971
0.382742
0.567501
0.553277
0.864878
0.114258
0.490546
0.361591
0.585877
0.400689
0.646568
0.379127
0.503776
0.342912
0.539253
0.144686
0.34952
0.449088
0.136459
0.238673
0.515633
0.632348
0.831226
0.43675
0.30353
0.289259
0.75675
0.321007
0.099578
0.390472
0.19108
0.694906
0.233359
0.457925
0.437532
0.583048
0.661897
0.096345
0.180012
0.597336
0.389989
0.405456
0.696724
0.742639
0.386018
0.325634
0.210325
0.809055
0.336825
0.200446
0.404682
0.247794
0.455646
0.109402
0.517284
0.294863
0.349299
0.631782
0.643182
0.283873
0.757127
0.25286
0.35758
0.640673
0.564097
0.294438
0.396702
0.10828
0.190372
0.221212
0.66614
1.16146
0.269705
0.430678
0.639337
0.554989
0.477843
0.428549
0.247503
0.271831
0.233827
0.187836
0.375084
0.20575
0.148708
0.388018
0.422362
0.668816
0.616224
0.14262
0.103487
0.513843
0.191668
0.608168
0.352221
0.104124
0.123047
0.3591
0.303741
0.411924
0.293108
0.17203
0.208003
0.515295
0.256035
0.616802
0.432438
0.334606
0.594108
0.604712
0.465545
0.590779
0.81405
0.359247
0.574662
0.888038
0.178403
0.575216
0.549454
0.410496
0.0212929
0.146162
0.270642
0.456357
0.398048
0.765297
0.727966
0.934696
0.474413
0.333576
0.773052
0.831271
0.236449
0.22343
0.39257
0.78684
0.588441
0.144441
0.341755
0.4145
0.298508
0.123255
0.18293
0.149139
0.270554
0.242401
0.803115
0.990743
0.489648
0.372147
0.358896
0.555553
0.815674
1.0336
0.391285
0.355647
0.0871277
0.153201
0.52837
0.375322
0.443145
0.394198
0.446894
0.272557
0.219914
0.385179
0.831467
0.470406
0.694734
0.175228
0.108876
0.0301931
0.848485
0.207503
0.294977
0.658919
0.69845
0.289499
0.887057
0.382317
0.142018
0.31571
0.253163
0.175885
0.818883
0.333938
0.915875
0.368722
0.459799
0.377459
0.183944
0.484184
0.513745
0.370061
1.01307
0.310449
0.474858
0.553049
0.154134
0.650779
0.663402
0.344709
0.233402
0.832855
0.741988
0.51156
0.390005
0.540682
0.627415
0.375477
0.383353
0.211154
0.681441
0.657349
0.661297
0.681785
0.450468
0.631261
0.70458
0.310982
0.352488
0.322373
0.511493
0.710004
0.494374
0.678659
0.393547
0.656864
0.245412
0.244591
0.518441
0.632864
0.536016
0.0658385
0.792132
0.239336
0.208488
0.424147
0.139528
0.241766
0.518449
0.559371
0.290652
0.681884
0.169833
0.198988
0.368974
0.425967
0.757265
1.2742
0.378494
0.643686
0.327313
0.498251
0.190601
0.171436
0.392612
0.598206
0.237184
0.316984
0.973407
0.567215
0.965463
0.222662
0.108812
0.779091
0.390717
0.852475
0.29737
0.0651654
0.346132
0.413236
0.576672
0.262867
0.18481
0.642564
0.587094
0.281054
0.628858
0.64071
0.420391
0.394802
0.119451
0.101746
0.38089
0.81872
0.685185
0.486713
0.505689
0.597043
0.0363223
0.84083
0.181375
0.41656
0.0638706
0.357851
0.347713
0.397804
0.255505
0.518774
0.359338
0.486613
0.348414
0.387488
0.556606
0.307762
0.662159
0.352954
0.127572
0.323681
0.188863
0.680136
0.743958
0.347794
0.331812
0.855199
0.175034
0.347941
0.400476
0.161208
0.619433
0.242943
0.173718
0.590433
0.37151
0.228623
0.600856
0.0554102
0.327787
0.631947
0.407277
0.345771
0.643338
0.771669
0.511154
0.105825
0.555278
0.580496
0.25282
0.0695409
0.165016
0.105947
0.223524
0.534932
0.414224
0.382604
1.3086
0.356299
0.512228
0.114806
0.367296
0.653376
0.282184
0.348894
0.150256
0.428745
0.299069
0.454733
0.491717
0.773303
0.477379
0.178268
0.370838
0.309945
0.536959
0.282419
0.34202
0.247515
0.270978
0.751122
0.706774
0.489945
0.336241
0.639636
0.443083
0.27606
0.548727
1.25354
0.334346
0.532311
0.489185
0.708181
0.562682
0.159891
0.0852027
0.634215
0.443052
0.342796
0.397291
0.364285
0.252502
0.600083
0.501929
0.189125
0.63563
0.179454
1.03635
0.473962
0.814081
0.370399
0.521628
0.499931
0.205808
0.400418
0.310712
0.160759
0.275728
0.518129
1.02376
0.629873
0.268479
0.506782
0.301218
0.541832
