#CONFIGURATION
#number of particles: 961
#seed:                49
#temperature:         1
#sigma:               1
#epsilon:             1
#normed distance:     1.12246
#r_cut:               1.12246
#dt:                  0.01
#box_width:           41.7556
#box height:          36.3419
#space_in_x:          0.673477
#space_in_y:          0.673477
#axial_ratio:         1
#integration method:  leapfrog integration
#lattice type:        triangular lattice
#boundary conditions: periodic boundaries
#lattice constant:    1.34695
#particle speed:      0.5
#nogui:               1
#runs:                0
#logname:             L12V05.txt
0.278406
0.415664
0.570273
1.0263
0.250421
0.624655
0.53645
0.236445
0.685564
0.34119
0.386908
0.26376
0.250262
0.231457
0.25442
0.202049
0.434299
0.394079
0.769512
0.0954171
0.0859744
0.266192
0.0251087
0.178051
0.125131
0.297624
0.428901
0.201618
0.137316
0.28786
0.365388
1.05898
0.213853
0.575612
0.705445
0.252989
0.15321
0.568638
0.17475
0.211881
0.0793963
0.132979
0.576622
0.380286
0.664137
0.330614
0.257371
0.515468
0.130337
0.220106
0.276357
0.293195
0.251427
0.489327
0.383037
0.393945
0.46094
0.193398
0.292473
0.632708
0.354436
0.283125
0.296031
0.307327
0.195856
0.207662
0.764111
0.166556
0.404178
0.689655
0.463357
0.46103
0.527373
0.516656
0.650833
0.550016
0.654136
0.38088
0.461472
0.344841
0.190872
0.0654361
0.563107
0.86192
0.235942
0.215346
0.726103
0.341178
0.384999
0.107411
0.137951
0.722224
0.289556
0.0762321
0.401889
0.431977
0.384008
0.193284
0.389837
0.334293
0.710773
0.33099
0.438179
0.261112
0.579962
0.442794
0.693287
0.261616
0.547266
0.858385
0.125174
0.374132
0.198052
0.466032
0.3268
0.182224
0.32005
0.213677
0.477068
0.168527
0.154466
0.876027
0.573774
0.223312
0.491428
0.363387
0.564094
0.443873
0.370483
0.602937
0.684002
0.607493
0.285563
0.693927
0.470735
0.199169
0.368604
0.479563
1.15007
0.211447
0.0388222
0.354164
0.240387
0.489605
0.344156
0.807793
0.331935
0.375567
0.597094
0.539057
0.81536
0.365724
0.201052
0.260759
0.316489
0.524628
0.165555
0.105908
0.586761
0.13126
0.19117
0.355825
1.02655
0.315237
0.371364
0.241723
0.400902
0.171435
0.614359
0.3902
0.242757
0.27871
0.385946
0.550004
0.55812
0.0877095
0.521076
0.385977
0.437218
0.278865
0.331241
0.626705
0.489192
0.194072
0.47084
0.547964
0.34686
0.243995
0.322317
0.172665
0.346335
0.383549
0.611943
0.282729
0.343043
0.67052
0.16701
0.347839
0.223587
0.359629
0.474167
0.331972
0.925343
0.314539
0.0801494
0.465122
0.326489
0.508918
0.403562
0.318442
0.307484
0.0986114
0.53016
0.550696
0.444894
0.259381
0.416801
0.241973
0.167441
0.244222
0.71784
0.730153
0.559396
0.231478
0.48622
0.39679
0.0534933
0.836103
0.542858
0.497465
0.583971
0.698507
0.648771
0.606041
0.121306
0.823705
0.27846
0.191819
0.302766
0.188168
0.657147
0.562631
0.135484
0.344
0.483642
0.245577
0.127483
0.834863
0.665981
0.448345
0.105642
0.854796
0.197612
0.322389
0.0838256
0.594636
1.3474
0.362517
0.180564
0.299645
0.666791
0.304942
0.486766
0.311171
0.316196
0.401124
0.328541
0.344439
0.867747
0.668487
0.325443
0.343105
0.646864
0.826767
0.331512
0.214182
0.758288
0.240099
0.325969
0.795033
0.98101
0.216765
0.307534
0.577936
0.380436
0.446123
0.335508
0.472344
0.773844
0.109787
0.118021
0.349966
0.278606
0.441531
0.549313
0.229975
0.508237
0.537655
0.49661
0.474008
0.123492
0.239815
0.359234
0.0519733
0.592598
0.306875
0.286453
0.290733
0.223758
0.242542
0.386716
0.356258
0.211358
0.345979
0.243469
0.306725
0.599187
0.293771
0.345924
0.524069
0.836765
0.274461
0.155942
0.41611
0.260237
0.134354
0.788995
0.159987
0.289598
0.58026
0.281208
0.378544
0.391521
0.50378
0.765609
0.136298
0.485234
0.51522
0.272008
0.34507
0.411795
0.528337
0.247218
0.540573
0.149392
0.973939
0.297111
0.364709
0.700674
0.838287
0.311547
0.178223
0.0845885
0.422765
0.862138
0.337023
0.339618
0.398956
0.194453
0.902962
0.100014
0.446627
0.243303
0.475265
0.264054
0.221142
0.464671
0.516596
0.781157
0.194946
0.327141
0.380408
0.111731
0.555255
0.0850334
0.377412
0.52774
0.176814
0.633268
0.413228
0.288292
0.453752
0.665188
0.299489
0.102973
0.239804
0.0890928
0.172277
0.224456
0.412491
0.329167
0.23236
0.233227
0.461011
0.252754
0.417061
0.427495
0.639942
0.290438
0.402764
0.292046
0.710249
0.436995
0.446309
0.504308
0.271277
0.359126
0.421277
0.269891
0.527683
0.451609
0.135508
0.447551
0.815014
0.774802
0.673819
0.385823
0.468171
0.0981206
0.270375
0.636552
0.343482
0.431215
0.298035
0.347854
0.593532
0.269557
0.226804
0.366019
0.586947
0.276964
0.385498
0.203887
0.658948
0.413634
0.776232
0.44246
0.428598
0.662747
0.9526
0.610157
0.318747
0.46325
0.0727077
0.555014
0.262468
0.563373
1.05987
0.218144
0.632986
0.653694
1.13309
0.980487
0.160294
0.466789
0.667372
0.38107
0.453668
0.344053
0.668474
0.633511
0.0728897
0.614737
0.236855
0.112519
1.18085
0.509871
0.531168
0.410937
0.359594
0.825055
0.856656
1.05118
0.369027
0.249336
0.258474
0.568332
0.307645
0.467466
0.305143
0.334132
0.433126
0.601189
0.686248
0.59606
0.373203
0.270964
0.315801
0.257471
0.279279
0.208301
0.39631
0.541412
0.599899
0.256659
0.442626
0.593169
0.313803
0.283662
0.195531
0.213067
0.147986
0.11425
0.455925
0.751006
0.270265
0.421918
0.359393
0.144618
0.191442
0.418064
0.357131
0.48656
0.575224
0.200051
0.349532
0.586563
0.751824
0.145051
0.597238
0.657784
0.185237
0.364414
0.108598
0.324463
0.827814
0.487691
0.196805
0.559443
0.391453
0.266521
0.332845
0.0288785
0.145078
0.330107
0.156688
0.297036
0.236941
0.282477
0.23859
0.722237
0.411441
0.166642
0.798694
0.237882
0.412217
0.171502
0.515068
0.41697
0.403599
0.206916
0.234974
0.740784
0.369144
0.153808
0.262449
0.361995
0.321855
0.124511
0.191166
0.591135
0.550478
0.488744
0.162866
0.232891
0.60233
0.524351
0.0649264
0.331999
0.50085
0.304604
0.256336
0.0918714
0.771222
0.217645
0.767883
0.865355
0.145553
0.421883
0.663831
0.730841
0.442919
0.749682
0.463748
0.841536
0.260142
0.397454
0.62178
0.452312
0.243006
0.459274
0.757793
0.51658
0.497286
0.307888
0.334971
0.56096
0.425112
0.123293
0.100451
0.344763
0.120598
0.344678
0.638543
0.502187
0.520294
0.460889
0.43619
0.265807
0.500148
0.357482
0.664765
0.435112
0.312605
0.564356
0.294773
0.567183
0.399436
0.426429
0.877343
0.423961
0.211447
0.594926
0.678175
0.475986
0.641422
0.514551
0.301525
0.315359
0.576812
0.305285
0.280848
0.338467
0.401885
0.107688
0.401658
0.7514
0.890553
0.278534
0.0808436
0.379773
0.689789
0.484565
0.292594
0.579127
0.447649
0.462444
0.321425
0.448313
0.416468
0.388151
0.467152
0.561966
0.870035
0.632933
0.615589
0.576583
0.598064
0.465496
0.23873
0.402058
0.367112
0.663824
0.213898
0.329732
0.441946
0.125701
0.47248
0.491764
0.345027
0.704469
0.177834
0.598557
0.356457
0.332008
0.242063
0.366662
0.511867
0.375214
0.338058
0.606903
0.297292
0.545787
0.0514142
0.18912
0.174801
0.368223
0.414895
0.260998
0.564855
0.808499
0.273393
0.0737523
0.396191
0.248813
0.315777
0.125078
0.166558
0.240208
0.183531
0.228293
0.66281
0.108018
0.478857
0.597835
0.558892
0.693754
0.126579
0.155258
0.262037
0.410229
0.463341
0.440537
0.418256
0.423484
0.367344
0.0612393
0.13698
0.520006
0.5005
0.514751
0.344126
0.0268318
0.728171
0.284036
0.172017
0.465638
0.180273
0.283153
0.484489
0.462299
0.401
1.10292
0.232549
0.858398
0.0982652
0.752819
0.259099
0.668629
0.264421
0.486789
0.188593
0.177865
0.106043
0.349219
0.597925
0.0605419
0.0590959
0.427402
0.0325998
0.581756
0.527673
0.637408
0.500045
0.482667
0.664919
0.403893
0.428438
0.297682
0.724432
0.311378
0.751232
0.60376
0.845065
0.948454
0.166441
0.5412
0.194761
0.280801
0.333535
0.191707
0.440782
0.361705
0.268465
0.338107
0.264285
0.327672
0.152815
0.931381
0.728334
0.328944
0.279625
0.192926
0.103659
0.450404
0.766667
0.368667
0.213885
0.533111
0.19225
0.631629
0.398604
0.758446
0.440351
0.229195
0.440686
0.569649
0.492502
0.0903969
0.7362
0.285152
0.238158
0.143395
0.517599
0.654657
0.260737
0.438307
0.845173
0.301326
0.240963
0.343076
0.077397
0.715273
0.364108
0.173207
0.592479
0.293521
0.344926
0.0639519
0.314416
0.654218
0.359392
0.585019
0.523659
0.782099
0.461097
0.415506
0.645705
0.393974
0.273333
0.197279
0.458718
0.476594
0.44588
0.31711
0.230429
0.123334
0.394889
0.375066
0.412373
0.314267
0.109925
0.550567
0.60894
0.632884
0.698139
0.294663
0.699229
0.30298
0.141822
0.425582
0.203219
0.52369
0.519981
0.447032
0.108896
0.103009
0.469472
0.562006
0.278657
0.708497
0.621825
0.428047
0.684629
0.359605
0.0480569
0.484829
0.230986
0.633263
0.892266
0.367626
0.253144
0.345037
0.221477
0.274049
0.544387
0.490572
0.290031
0.634552
0.378624
0.657879
0.0946711
0.257244
0.46916
0.308384
0.358562
1.02522
0.449096
0.392046
0.474443
0.474535
0.356588
0.328327
0.525963
0.259536
0.380501
0.0591665
0.790648
0.298974
0.461103
0.199709
0.0886457
0.503329
0.300605
0.428795
0.591826
0.704976
0.6788
0.614125
0.674873
0.383305
0.0461147
0.503665
0.199774
0.189841
0.203199
0.850201
0.419986
0.392946
0.145854
0.46146
0.0540598
0.639134
0.520363
0.647416
0.514306
0.0799576
0.286109
0.186857
0.288291
0.257137
0.211708
0.347
0.189802
0.835674
0.292018
0.502518
0.20531
0.351105
0.953692
0.652121
0.392872
1.01288
0.474643
0.719047
0.24207
0.336236
0.122125
0.368023
0.464495
0.26154
0.802908
0.476516
0.326842
0.58242
0.481714
0.040442
0.398959
0.350082
0.420754
0.39402
