#CONFIGURATION
#number of particles: 961
#seed:                49
#temperature:         1
#sigma:               1
#epsilon:             1
#normed distance:     1.12246
#r_cut:               1.12246
#dt:                  0.01
#box_width:           27.8371
#box height:          24.2279
#space_in_x:          0.448985
#space_in_y:          0.448985
#axial_ratio:         1
#integration method:  leapfrog integration
#lattice type:        triangular lattice
#boundary conditions: periodic boundaries
#lattice constant:    0.89797
#particle speed:      0.5
#nogui:               1
#runs:                0
#logname:             L08V05.txt
0.684869
0.907456
1.02785
0.735571
0.642395
1.53039
0.476087
0.712021
0.815785
1.16996
0.956355
1.26961
1.07708
0.644916
0.263197
0.662855
1.05925
1.9442
0.667303
0.642103
0.997532
0.864401
0.228952
0.825757
0.860845
0.702861
1.02716
0.341829
0.41968
0.115086
0.942535
0.551565
0.420749
0.540552
0.776815
0.639072
0.868164
0.803106
0.786838
0.760783
1.13466
0.842498
0.761662
1.39785
0.226816
0.518815
0.393767
1.0267
0.642115
0.757528
1.37542
1.25621
0.555135
0.466322
0.416787
0.341534
1.42267
0.909687
0.55883
0.386045
1.35901
0.52749
0.671081
0.637774
1.39598
0.0958219
1.09262
0.548334
1.2076
0.725421
0.345519
0.981337
1.42821
1.36978
0.666432
1.8098
0.383761
0.527813
0.762594
0.84597
1.04107
0.446624
0.443678
0.498556
0.302262
0.851834
0.0616932
0.352037
0.744571
0.594399
1.16321
0.670536
0.585489
0.975533
0.496715
1.14973
0.206865
0.840134
1.29715
0.919462
0.55666
0.628111
0.65176
1.41335
0.106067
0.302355
0.452302
0.909119
1.31967
0.864962
0.848005
0.779382
0.34704
0.481419
0.602132
0.393778
0.484677
0.822186
0.840777
1.504
0.413028
0.762216
0.13844
0.54556
1.00454
1.034
1.66748
0.672609
0.471606
0.731588
0.197326
0.86167
0.593295
0.752952
0.446622
1.19347
1.47443
0.398868
0.525397
0.472445
0.182464
0.71997
0.626853
0.606211
0.724579
1.34947
1.2988
0.408926
0.30426
0.66378
0.350871
1.15086
1.00709
0.603983
1.27933
1.335
1.81617
0.793617
0.550214
0.626606
1.01726
0.470212
0.604456
0.496874
1.14237
0.491871
1.31256
0.667274
0.916277
0.547468
0.478139
0.772192
1.4885
0.241319
1.1458
1.5495
0.419319
1.1282
0.365382
0.429697
1.51573
0.869119
1.25879
0.93656
0.360529
0.768316
0.44468
0.598113
0.586018
0.612844
0.728069
0.852587
0.735544
0.543791
1.66756
0.317691
0.641227
0.892506
0.880385
0.97682
0.592644
0.200747
1.17551
0.860272
0.500226
0.851263
0.927501
1.13048
0.494544
1.25724
0.979634
0.8352
0.0396955
0.929179
0.50461
0.923192
1.63628
0.589843
0.463593
1.00606
0.209937
1.13202
0.611309
0.14203
0.713109
0.468503
0.205206
0.272244
0.489909
0.678041
0.57308
1.01119
0.333657
0.475574
0.576562
0.357259
0.188896
0.222868
0.475057
0.570854
0.24755
1.26941
1.06763
0.387058
1.29417
0.432316
0.806125
1.41135
0.463418
0.724648
0.572127
0.565435
0.286188
2.01302
0.162349
0.998668
0.742447
1.09291
1.03937
1.56712
1.43689
0.833862
0.567518
0.407962
0.736243
0.748732
0.255646
1.28541
0.99858
0.839756
1.0744
1.04571
0.755739
1.0545
0.258795
0.283103
0.245267
1.43617
0.56119
0.63261
0.677879
0.541253
0.724436
0.897592
0.818638
0.806136
0.48209
0.347508
0.100682
0.676929
0.49247
1.27421
0.303571
1.18118
0.514372
1.75587
0.35563
0.377505
0.236586
0.364364
0.588304
0.249066
0.653124
1.34704
0.418357
0.825318
0.752715
0.147625
0.136538
0.775547
1.33512
0.830902
0.487413
1.3047
0.714469
1.68396
0.0907258
0.780057
0.595763
0.226231
0.0723421
0.895744
0.773193
0.293409
0.134109
0.52097
0.529388
0.19566
1.2244
0.444434
0.9096
1.16415
0.961432
0.600765
0.470334
0.564876
0.81109
0.529126
0.946736
0.455395
0.212655
0.463879
0.79854
0.296591
0.726992
0.592537
1.37716
0.452307
0.875253
0.504408
0.426904
0.190526
0.14953
1.38598
0.908249
1.2402
1.03621
0.553271
0.61682
0.41412
0.461438
0.477801
0.400091
0.369186
1.25344
0.666164
0.481244
0.64182
0.81894
1.30046
0.530022
0.80645
0.951801
0.271647
0.290507
1.28402
0.329171
1.61835
0.481826
1.14326
0.277957
1.75577
0.487266
1.07293
0.354458
0.636145
0.675209
0.942103
0.281667
0.948657
0.958489
1.00513
0.9232
1.13533
1.08322
0.19672
0.761042
1.06848
0.160753
1.37819
1.0701
0.34814
0.770943
0.974766
0.725348
1.1211
0.0903137
0.832713
1.25596
0.69791
0.855642
0.653873
1.03188
0.282307
1.03994
0.989518
0.607358
0.694751
0.358867
1.05412
0.331658
1.07801
0.710559
1.08243
0.95614
0.604481
0.488574
0.762835
0.68913
1.19652
0.392392
1.23138
1.08755
0.514702
0.714696
1.49833
0.473837
1.18305
0.118274
1.48644
0.678183
0.779558
0.429951
0.666044
0.835331
0.564877
0.468246
0.504122
2.03102
1.56568
0.312009
0.199354
0.891659
0.936287
0.241133
0.5465
1.40692
0.663412
0.329828
1.00374
1.18962
0.0905672
0.699162
1.30344
1.27225
0.60638
1.17457
1.10942
0.689008
1.30968
0.506144
0.836533
0.254392
0.253214
0.260313
0.314773
1.07945
0.779766
0.346289
0.190504
0.604894
0.928369
0.673297
0.713032
0.188403
1.62043
0.563758
0.434687
0.65348
1.81616
0.911934
0.438397
0.90787
1.02072
0.821404
0.699733
0.485982
0.386455
0.689538
0.660684
0.978719
0.834216
0.820007
0.70356
0.132501
0.823775
0.42959
0.578987
0.469592
1.00985
0.415409
0.836817
0.964706
0.811035
1.25174
0.708035
0.0329651
0.914492
0.271699
0.855197
1.53065
0.894699
0.805791
0.560979
0.599175
0.174834
0.636163
0.177636
1.28758
0.457451
0.69813
0.608543
1.01704
0.299538
0.506155
0.941162
1.21809
0.219266
0.509098
0.715898
1.0935
0.297641
0.813958
0.164106
0.944673
0.620614
0.742443
0.21037
0.284437
0.823959
1.49501
0.44604
0.399297
0.721317
0.505889
0.731846
0.825262
1.59676
0.959585
0.813567
0.794159
0.637474
1.2788
0.508925
0.48774
0.617412
0.306277
1.31297
1.64465
0.770755
1.19539
0.969178
0.420485
0.433626
0.206863
0.687907
0.380048
0.428192
0.680341
0.707512
0.905074
0.735797
0.648929
0.256775
0.375816
0.285378
1.57438
0.744348
0.373138
0.299264
0.802928
0.493112
0.60427
0.988879
0.853045
0.672762
0.0877492
1.26664
0.647575
0.383124
0.400309
0.840699
0.162212
0.857357
1.24596
1.16514
1.80087
0.57598
0.320699
0.590177
0.456709
0.676611
0.817501
0.244753
0.559054
0.0713223
0.768012
1.06004
0.0474493
0.32117
0.75394
0.303399
0.597375
0.342031
0.388092
1.09779
0.54925
0.82777
0.957634
0.454509
0.506914
0.698323
0.572874
0.27284
0.313225
0.898534
0.134217
0.358249
0.328139
0.545737
0.136535
0.323015
0.964972
1.02621
0.732443
0.588884
0.0603214
0.679925
0.124419
0.74753
2.11484
0.281432
0.464227
0.875793
0.612996
0.568293
0.360145
0.94862
0.400951
1.356
0.771511
0.725851
0.573019
0.658761
0.496606
0.530859
0.895769
0.284572
0.228599
0.341864
0.864717
1.71195
1.8598
0.956959
0.212424
0.449176
0.955966
0.980404
0.281575
1.13004
0.252195
0.757925
0.176125
1.4185
0.69671
1.34329
0.370184
0.752356
0.305227
1.10333
0.891185
0.573165
0.0752217
0.583697
0.739392
0.520775
0.78968
0.393804
0.690788
0.882978
0.821487
0.805382
0.865367
0.470917
0.813274
0.26973
1.25364
1.00555
1.58703
0.358656
0.27442
0.829954
1.22112
0.430087
0.889666
0.230679
1.09397
0.899836
0.761861
0.634337
1.09637
0.351163
0.187312
1.47765
0.971804
0.810876
1.09237
1.15315
0.476706
0.398905
0.496487
0.578041
1.13615
0.329262
0.0601086
0.281213
0.958848
1.53151
1.64172
0.641147
1.22392
0.725872
1.0507
1.37782
0.263918
0.603984
0.707605
0.947219
0.729588
0.421284
0.92025
0.535467
0.947453
0.425123
0.578326
1.08624
0.636649
0.615604
1.12445
0.370766
1.25064
0.552413
1.30819
0.640859
0.384242
0.647699
1.24675
1.0089
0.592654
0.525205
0.53124
0.531997
1.68381
1.223
0.0954705
0.623768
0.777824
0.677766
1.01418
1.17266
1.69645
0.397033
0.806485
0.736229
0.26435
1.05648
0.949923
0.529961
0.888393
1.08435
0.656561
0.970844
0.319991
1.2973
0.993517
0.124699
0.546435
1.44984
0.633559
0.965895
0.858112
1.11699
0.793729
0.875938
1.01214
0.632172
0.83557
1.30948
1.33852
1.21954
0.844288
0.810291
1.00287
0.171569
0.319613
0.744192
0.50037
0.388032
0.44148
0.651411
0.229182
1.60022
0.129111
1.25016
0.424669
1.00456
0.905146
1.09606
0.492716
1.09014
0.557382
0.980595
1.15195
0.613916
1.27462
0.509857
0.355341
1.14984
1.07883
0.50677
0.275685
0.423449
0.895245
1.10316
0.810146
0.578
1.23571
0.690671
1.99886
1.03122
0.520162
0.253244
0.337221
0.518662
1.01904
0.867315
0.919105
0.498424
0.373828
1.04869
0.792108
1.13665
0.373827
0.435717
1.14384
0.357514
0.409928
0.792265
0.65696
0.348937
1.65207
0.138812
0.742964
1.06447
0.398705
0.745796
1.55757
0.4825
0.612885
0.468057
0.696837
0.708999
0.524127
0.977948
0.352772
0.557837
0.537359
0.934725
0.865292
0.435981
0.469405
0.738157
0.603138
0.828294
0.602576
0.630516
0.110461
0.587731
0.77218
0.810611
0.660514
1.15183
0.860239
0.37721
0.681076
0.850885
0.465608
0.595563
1.10653
0.801307
1.5842
0.634731
0.669487
1.31911
0.631342
1.39106
0.95025
0.259025
0.485071
0.3044
0.639598
0.674635
1.2265
0.934871
0.931883
0.311211
1.02108
0.743326
0.65279
1.35368
0.289967
0.660239
1.45012
0.571318
0.946491
0.7935
0.214785
0.238595
0.150423
0.660832
0.714214
0.560636
1.11527
1.13062
1.01152
0.158813
1.05485
0.100171
0.78082
1.11516
0.680607
1.20593
0.18748
0.891149
0.588376
1.15555
1.65846
0.368059
0.680379
0.486029
1.35444
