#CONFIGURATION
#number of particles: 961
#seed:                49
#temperature:         1
#sigma:               1
#epsilon:             1
#normed distance:     1.12246
#r_cut:               1.12246
#dt:                  0.1
#box_width:           34.7963
#box height:          30.2849
#space_in_x:          0.561231
#space_in_y:          0.561231
#axial_ratio:         1
#integration method:  leapfrog integration
#lattice type:        triangular lattice
#boundary conditions: periodic boundaries
#lattice constant:    1.12246
#particle speed:      0.5
#nogui:               1
#runs:                0
#logname:             L1V05dt01.txt
807995
13910.1
5122.94
623.056
621.529
34746.4
2254.42
40111.1
2986.13
783.345
1378.84
2356.81
3495.35
34806.2
455246
1.6599e+09
23677
500549
7258.94
2926.32
6112.35
650108
504350
4545.07
4529.1
3321.78
21222.9
345.07
43911.8
65935.7
1.02024e+06
1.02018e+06
19706.4
807986
1.43241e+06
1691.51
1.35329e+10
24523.3
1831.42
24549.3
193645
5.12464e+10
8346.07
493.102
6581.37
455249
1502.98
1.09187e+06
3.73283e+12
500549
6.92359e+09
4399.44
4.16346e+12
558.432
27453.9
10944.4
2677.75
411978
58450.2
4383.75
7.63285e+14
451153
324.509
24584
19704.5
1875.66
1.43244e+06
56819.7
24568.4
2934.13
833077
3193.29
617.606
11455.7
6523.73
8.23995e+09
590594
8.23995e+09
8.43634e+06
321206
13253.6
917.705
6.92359e+09
863.73
6.66685e+18
504323
464.585
4.09823e+06
48619
4773.76
88.102
65946.2
39603.5
171962
509.613
1876.79
36269.8
2.25179e+12
509.609
1.04298e+06
1668.03
833049
2570.91
11461.1
815.243
1.52219e+10
1.52219e+10
4.75649e+09
13079
13087.5
3.14485e+07
906.35
2.10031e+09
450.633
146.346
8625.22
22204.4
5941.96
5.59217e+08
329.161
750183
138.094
367397
171953
382.045
568.11
110826
1695.56
618.388
7.60613e+10
47742.6
1397.44
2.69272e+09
2.06589e+16
2.47064e+09
51171.1
87625.7
2329.56
582.044
559.363
87640.4
147.259
3.14485e+07
149067
3550.23
5.5143e+07
4045.01
1149.99
2.54517e+13
3.41184e+08
17043.3
750145
367384
602.752
2.30925e+06
687.981
27361.5
1477.25
1679.87
8461.89
6.64545e+08
122938
102784
129734
129731
516.368
16341.8
22055.8
47090.3
418.391
484.073
1820.75
69492
5.19456e+06
5.19456e+06
12687.3
366.413
2236.52
5.51434e+07
4000.06
6594.95
3.41178e+08
2328.34
11912.8
1.52927e+06
2.25179e+12
2682.61
359318
1.24034e+06
652.689
1.45804e+08
4.38342e+10
4.83295e+08
590739
400527
8227.76
648.293
425.286
47163
1831.95
417.59
846.063
352006
2835.42
2.06589e+16
90001.9
4.47441e+06
4.47448e+06
10131.5
6594.41
2598.5
326463
857.766
535.344
1.29554e+11
4.5155e+07
6.99939e+06
359325
7.4025e+07
4.92707e+12
481.72
206913
5.12464e+10
791.108
520.187
8358.33
2.29569e+10
6.64545e+08
2794.18
74709.5
1847.63
352064
904.141
2866.71
3857.31
11172.9
736.866
31059.9
784135
1.3357e+08
2136.92
1.64323e+09
38824
2444.78
1728.03
1.29554e+11
1.52968e+06
25758.4
2.71135e+06
13741.8
5190.08
37786.3
3.1488e+07
2.71133e+06
1905.89
6973.03
1.45804e+08
2.29569e+10
75779.3
75790
131.377
666.664
1.3357e+08
400426
69537.2
1.01814e+09
1.01814e+09
537.399
1.29059e+06
965.205
2137.06
3.73283e+12
38792.6
3282.05
2136.2
637.537
594.498
19119
46036.2
5.70404e+06
6714.48
5.70077e+06
5.71411e+06
9.70802e+07
9.70803e+07
519.125
4002.63
6963.37
685.444
1.35329e+10
2.3551e+12
5.31091e+08
888660
455.467
1291.78
11357.1
35368.1
1302.25
521.102
1.29099e+06
188576
31027
7.56209e+08
475239
438.762
1.53112e+07
1.39642e+10
573.402
7298
5.70401e+06
2.10031e+09
391.906
36849.5
650190
2065.06
1.0179e+06
1707.26
2416.85
6658.42
2.17806e+09
2.35552e+12
2578.25
464.699
9.81423e+08
9.80537e+08
95518.2
11919
2.31391e+07
3485.29
6723.47
1.35099e+07
1074.09
111.642
3244.55
965.716
1119.33
1.39642e+10
1.47128e+06
1.47127e+06
1413.07
7304.65
2226.51
1.23996e+06
386.098
602.974
5228.34
4.10753e+06
4.80661e+11
8077.89
4787.22
5.59204e+12
83.7461
2.02449e+13
2.02449e+13
5708.77
96816.9
2.31393e+07
4.92707e+12
1.18185e+09
4056.61
9.56334e+06
321101
223.277
1039.36
3711.76
456684
6.92431e+06
2067.87
551.505
1386.73
4.36715e+10
285.607
475231
514536
4.88716e+07
92788.2
92970.5
949.647
798213
7.63285e+14
3390.13
759.398
85510.1
361.698
2.54517e+13
990.278
997.497
6.10754e+06
2.63579e+09
2.63579e+09
2661.58
1285.74
111184
20556.3
766163
3244.08
1.04008e+07
459.838
6.92429e+06
1.12045e+08
56933.8
1977.18
8.02483e+09
8.02483e+09
8.79674e+07
514535
4.29476e+06
4.29476e+06
2528.29
1.24508e+11
7170.6
822.106
6.56336e+06
38659.8
6.99936e+06
6.66685e+18
5530.15
9.56334e+06
1457.25
32300.4
23025.1
783654
511.97
4.09749e+06
507.631
1.53122e+07
3.05586e+12
456685
57036.3
1222.93
21672.4
1.12044e+08
7376.14
2413.7
2.98303e+06
525558
2447.46
898.988
450868
955.09
951.665
1.24508e+11
6.56343e+06
301252
301212
1107.81
481735
133144
482.6
395.533
6.4172e+08
23034.7
2.51812e+07
552.105
1390.58
9136.09
8732.92
2.75417e+08
3.05586e+12
2209.53
57048.6
303.064
7.40252e+07
1.43256e+06
9132.09
2.98305e+06
1.93319e+09
44147.4
453099
44339.4
13406.3
6.88276e+11
4.36715e+10
326442
1414.12
498.058
36061.8
3.12878e+11
66347.6
4.80661e+11
3193.8
11786.1
11695.8
3634.98
2.02865e+14
1403.55
6730.2
5.1414e+10
735.048
2037.81
6.75463e+08
6.75463e+08
1942.49
64.8101
1.43257e+06
4442.27
1.93319e+09
12470.5
539.424
3345.14
3388.62
403.57
13392.3
1.50621e+09
18827.8
18981.7
941.031
948.2
766325
1145.75
525565
2.48986e+11
2.75417e+08
11153.7
11702
529.998
461.059
245252
8197.9
4085.28
4241.5
1856.92
188.247
8206.1
9.81166e+06
2078.06
4456.69
12011.1
1019.58
6.92507e+09
8.62577e+09
481625
2945.87
1752.34
983.148
986.263
4355.9
5.90678e+06
2049.88
1128.07
5049.65
572450
572402
1794.72
6.4172e+08
40810.3
751.638
245252
3520.72
4.38342e+10
1623.48
964.596
4327.44
1818.06
864.634
9.81167e+06
1326.52
2009.01
1.04289e+06
1.35099e+07
1.85361e+09
1940.67
2938.4
1569.26
5674.16
8.82337e+07
31571.9
9.56936e+12
5.90615e+06
103277
103322
17334.7
412073
193280
1.45466e+07
6.6757e+11
858.727
5214.6
39420.1
2.23791e+10
81579.5
80838.8
4.09832e+06
4329.52
1812.94
725.781
4.84317e+10
840.022
4.5155e+07
228.866
19123.1
1944
2.48986e+11
4364.65
4747.2
13260.4
4155.87
9.56936e+12
3718.06
391.59
5049.99
16215.5
52403.8
1.19357e+09
5.29444e+09
6.67576e+11
3.14882e+07
236.087
1.04421e+08
2.23791e+10
47062
1368.29
1368.17
2.69272e+09
9.3348e+07
4.10758e+06
148988
110588
99.6723
2.10612e+06
2.10558e+06
5.55172e+12
16406.8
17797.3
64087.8
8.43633e+06
9366.11
9397.72
693452
1.43002e+07
90015.1
1.43003e+07
1.11944e+10
1.11944e+10
5.29444e+09
5.56151e+07
4.84317e+10
540.184
1.04421e+08
5254
7862.7
453.755
1262.45
619.609
9.3348e+07
15061.4
13423.9
1.21073e+07
1384.6
40866.6
549.807
737.704
120.975
5.55172e+12
17787.9
64094
40518.3
45970.7
747.626
693448
62776.6
1332.57
739.445
8088.5
2453.82
380792
380769
2025.45
813447
2269.77
587331
705124
91732.2
2.04441e+07
1.40791e+11
1663.57
3.24645e+07
5619.2
15006.8
3762.78
453128
746.374
3.92316e+08
52500.7
1.0178e+06
1.04012e+07
28086.2
27962.6
45455.1
926.854
186.136
3779.73
876.629
344.695
13226.5
8229.93
213340
1.50621e+09
2512.25
7191.2
4.88715e+07
8159.97
228.659
2303.58
2287.24
822.737
1.40791e+11
709.215
5.84709e+06
4443.8
39610.4
3893.99
3.92316e+08
844224
1030.03
5.1414e+10
1646.95
1798
620.815
5.89322e+08
5.89323e+08
147.634
1.55798e+13
1.09185e+06
370754
1805.46
621.036
7.58552e+06
856.782
8333.71
587372
7004.1
798147
766168
5.59218e+08
2407.54
374.538
255045
118156
118156
506870
1792.91
74688.3
739.171
5794.47
91614.7
373.359
1653.43
1750.92
4233.25
1262.12
40516.6
2960.34
2964.53
2310.86
4239.19
370756
5.59204e+12
7.58552e+06
58416.5
2370.81
868.849
17381.7
32264.7
1.71295e+06
27814.8
38724.5
40433.8
3167.33
766155
11356.9
813346
51159.9
2739.62
48620.5
305669
4.75649e+09
372.144
3.55298e+07
4444.08
530.288
1812.65
113.33
2.04441e+07
1150.3
1117.49
7.56209e+08
66320.7
3.30449e+06
4564.1
25714.9
3.24643e+07
2374.22
3548.04
255054
6679.93
26844.7
2.17806e+09
1.39877e+06
1.39873e+06
5.56151e+07
188848
20584.7
2689.85
3954.57
506881
305655
1003.11
3620.22
4.09744e+06
4455.33
3272.53
2.29157e+07
492.66
1.55798e+13
136067
40054.6
4.83295e+08
1460.37
12093.9
4522.87
5708.82
50547.9
1.21072e+07
133212
282.906
4.64871e+08
2.98477e+06
2.9848e+06
383.954
8711.24
1399.19
65809.9
65798.6
85243.7
2.30934e+06
3.55298e+07
2506.82
3668.31
5010.61
6.88276e+11
5.84712e+06
207783
581.139
130433
695.237
12095.2
136049
5536.03
1676.92
2528.88
3.30468e+06
28268.3
12982.2
213379
7.53832e+06
7.53861e+06
4.64873e+08
7007.38
1.71287e+06
21049.5
6.10749e+06
1403.08
19528
3404.04
1.88161e+08
1.8816e+08
14040.2
2004.03
1326.48
154016
154086
1487.33
1497.2
671.703
4259.63
1471.5
674.304
5529.29
697.888
2514.95
1.19357e+09
16211.7
1027.54
45993.1
2674.37
8.82338e+07
7.60613e+10
925.537
1.6599e+09
2.29159e+07
157.161
35431.1
351.54
2425.55
43521.8
19513
8.79673e+07
499.087
1.18185e+09
2.51812e+07
517.105
145.699
1.62263e+07
102778
47068.4
1113.22
755.247
4161.63
26436.1
26297.7
50833.5
383.803
1586.26
612.302
7718.55
23682.5
2424.31
16005.8
62779
5.15702e+07
40429.5
1.64323e+09
241.998
1755.82
1135.46
36767.7
175.851
130438
21867.1
17393.4
110445
1813.54
477.374
982.602
4853.92
102751
2979.74
1105.69
1209.02
564.311
10902.3
10900.7
880.669
1.62262e+07
2.02865e+14
614.913
7253.44
474.516
704594
3.12878e+11
5.15686e+07
4.16346e+12
377.751
2.47064e+09
18699.3
17877.8
844304
28161.6
1152.4
16923.5
