#CONFIGURATION
#number of particles: 961
#seed:                49
#temperature:         1
#sigma:               1
#epsilon:             1
#normed distance:     1.12246
#r_cut:               1.12246
#dt:                  0.05
#box_width:           34.7963
#box height:          30.2849
#space_in_x:          0.561231
#space_in_y:          0.561231
#axial_ratio:         1
#integration method:  leapfrog integration
#lattice type:        triangular lattice
#boundary conditions: periodic boundaries
#lattice constant:    1.12246
#particle speed:      0.5
#nogui:               1
#runs:                0
#logname:             L1V05dt005.txt
461056
11250.3
832.375
6833.14
3109.57
1.49368e+11
14277
6711.61
270623
188772
1193.3
4.99577e+10
1.11845e+08
40025.2
142177
1.58212e+06
4.40864e+06
1.12149e+09
1494.15
28672.6
27796.6
1.14556e+06
4072.16
8558.67
9433.21
3013.14
67374.5
9519.63
33979.1
2981.14
460583
1634.89
40502.8
11240.2
16947.2
10038.1
1496.84
680.205
79760
11249.2
5102.45
786.49
2.72115e+06
14261.9
1.66466e+06
74291.6
85883.3
1755.81
2517.3
2.68897e+06
356345
972.872
36547.4
5.94919e+10
3.09233e+10
125488
39790.4
6.94185e+06
4.27187e+09
40397.9
4.27187e+09
2637.01
4083.27
903.733
40493.2
68440.4
8358.65
68460
213.659
2062.72
1244.87
209945
2.91425e+08
7.24629e+06
1.51388e+06
24092.4
74321.4
1.0762e+07
9086.8
490.447
1.27356e+13
3787.25
356340
36522.6
5401.59
278945
1.21649e+10
986.204
5.68192e+08
31673.1
160307
6.3103e+07
1093.24
79739.5
7.2463e+06
3101.76
3111.2
5.68192e+08
19342.4
39687.4
3194.33
5.39199e+06
5.06751e+08
180412
180396
9768.84
1.27804e+06
93884.2
93902.9
4.70398e+08
2106.67
311.993
39723.9
81779.7
37367.2
1.12149e+09
1210.97
1.18395e+12
2.37686e+06
1.31502e+06
6382.28
5.77246e+07
1228.59
1.41829e+07
9547.89
366.606
3186.21
1.19952e+06
2.92018e+11
171341
12954.7
620875
5854.41
993.94
7.02579e+06
13412.3
270985
705.24
1776.39
6184.55
1.05488e+10
5.94919e+10
37597.3
4.82362e+06
81835.6
615.53
9280.56
59296.3
42070.4
1.31499e+06
2.37686e+06
2822.64
623742
1220.33
2566.21
5650.37
931.138
7.15255e+07
25714
3.38772e+08
2.05699e+07
3455.35
16601.3
3.2774e+06
1715.1
2.02249e+11
85379.2
16862.5
6.07021e+07
112132
1.14558e+06
3848.31
1747.97
430788
4.82359e+06
782486
2431.34
799.497
2700.44
11081.2
25381.6
586308
1.61702e+12
1391.75
2577.99
2.45529e+11
375405
8754.25
1.61702e+12
375639
3.82848e+11
5909.2
9.29173e+12
1150.33
2.02249e+11
1730.15
8315.62
785.363
1516.5
648.915
8.84579e+09
4201.46
104612
1.2233e+06
2.60782e+11
5774.7
18292.3
6.63463e+10
1232.39
625026
1384.75
1208.17
2.29681e+10
2.29681e+10
11054.9
5.36616e+07
2204.62
1002.84
4.00767e+06
1.89169e+06
6815.3
3453.7
1095.19
9.29173e+12
328334
2.07876e+06
125826
1710.45
41808.5
3.7591e+08
6.93912e+07
6021.48
895.587
1.22329e+06
104605
1736.1
160761
1.18251e+07
6.63463e+10
10378.5
43859.7
1.41834e+07
30744.8
10514
114729
39593.1
1.50741e+07
8.17728e+08
655.316
4.00767e+06
1274.01
6802.31
1.11845e+08
4.85307e+08
4499.85
13336.8
1.05541e+09
306958
6820.39
4.40861e+06
195093
228.261
1.61588e+08
6.93912e+07
1498.93
74030.2
933985
10015.2
1091.49
771.504
31717
1.05541e+09
1918.94
30728.6
7155.04
1216.57
1924.38
11653.6
8.17728e+08
1.18248e+07
8.17485e+07
8913.51
2.31688e+08
6269.4
3.75909e+08
23647.7
13286.2
4.76095e+10
160944
85271.9
212889
5.41422e+08
5685.38
433778
93.4759
74061.3
1.32088e+06
4.4724e+12
933999
5270.27
6557.73
6586.01
3805.38
2438.32
368.516
4684.94
1227.78
34162.2
115690
2306.69
142543
276.868
1.07618e+07
1.89179e+06
2.31688e+08
13375.5
3150.69
4.76095e+10
97711
1.5172e+09
434089
5.57844e+10
1.55086e+06
1776.84
1768.26
1.91544e+08
125684
5.18458e+11
5.18458e+11
10030.2
5260.14
2.05698e+07
2.1353e+12
778.262
30257.9
2.31283e+11
111055
1.61588e+08
94774.2
1826.26
66213.4
10217.7
10231.2
19555.3
552477
515.68
389665
2736.19
898.632
446791
3.82848e+11
1.51927e+09
4.2172e+10
51108.4
51122.5
152.774
1060.34
1.91544e+08
1.89647e+10
58075.7
352086
2.11147e+07
4495.28
10753.2
1.77656e+06
30273.8
1066.85
111044
406448
11668.6
66202.7
1817.6
1.94286e+07
23714.1
2416.68
24147.4
50654.8
884.089
439923
2.47876e+07
446806
2.26689e+06
3.60617e+08
11945.1
11939.5
1999.38
2.11147e+07
2.92018e+11
214315
44179.2
1.74714e+06
139109
1.74716e+06
125696
2.0332e+09
1.82018e+21
5.77246e+07
1401.64
7650.28
10076.2
10090.5
6324.49
1124.62
1.87544e+06
3962.51
2425.83
490.665
24132
34121.5
6436.03
1.29825e+11
2.23531e+06
2.77237e+09
32054.6
43871
125226
5579.81
1066.56
5.36611e+07
6683.52
961.667
139116
2302.85
5257.12
1884.44
1.51359e+06
1429.86
2.47886e+07
1.401e+06
3.82353e+08
10053.7
3.82353e+08
11176.3
11794.5
1.87545e+06
125248
624666
12784.7
3654.24
18568.3
360636
824523
214128
1.94283e+07
5347.13
53922.2
391730
112270
306938
100650
100638
4.4724e+12
14009.2
236302
236290
2.77238e+09
94734.8
3.03252e+10
40545.1
1.40098e+06
406439
6587.84
392576
3.86502e+07
11143.8
3.5223e+09
430928
6.745e+08
439950
3.60617e+08
2.26532e+07
33349
33325.8
824536
649313
1.50742e+07
53942.2
329.387
2315.19
2.14552e+09
2.14552e+09
1159.19
51091.5
8.26984e+09
1310.88
88032.2
88034.9
66529.6
116317
3.03252e+10
417728
7.02599e+06
4297.4
1236.59
4.802e+11
3.86502e+07
2.45529e+11
357.788
2.60782e+11
16053
2.26532e+07
352370
25520.8
766.71
649302
9157.29
360617
2.23664e+14
1.97996e+06
1.97998e+06
28626.7
70916.1
2.07885e+06
8850.71
6181.48
1326.98
916240
1273.46
66564.3
3302.14
2.14364e+06
34149.4
417744
5398.08
3656.66
4378.33
2.14352e+06
16845
3981.63
812250
812287
5.77234e+14
10053.8
25854.3
1.29825e+11
6712.52
1929.66
5.06751e+08
2861.24
1528.49
28650.1
1539.76
6.31026e+07
2.31283e+11
5527.41
8.26984e+09
400.462
916226
219637
188856
120577
116178
3.09233e+10
3188.41
25700.5
5402.24
1017.78
180.846
1.66172e+06
2.13469e+07
2474.53
2686.33
10041.8
5655.96
5696.28
186024
383.051
158765
70910.4
26375.3
87573.8
158849
3.86582e+06
3.5223e+09
8114.29
3597.22
1021.42
40334.4
219649
5065.54
4365.1
4354.34
5.39148e+06
1.777e+06
2.09786e+07
78984
14754
14762.2
1599.77
4.10368e+06
2444.79
1.66171e+06
2.30377e+06
16627
1216.22
6.58018e+08
186035
432518
1726.29
26405.2
2.23664e+14
42868.9
1.14576e+06
6609.98
14288
1771.31
1.27356e+13
1813.61
3239.64
162794
1.32085e+06
283364
5.77234e+14
120589
657.891
399860
207650
1030.98
9227.47
6.58019e+08
4.10367e+06
3.02258e+08
2.13469e+07
549.197
3101.92
1.58245e+06
1.21649e+10
7369.89
1689.15
6.07015e+07
55.0868
1.74868e+14
2484.57
2.1502e+06
1.14574e+06
1.5093e+09
1405.26
2836.05
30065.9
14297
2.11632e+18
2.11632e+18
5237.93
3697.96
3183.69
1.1539e+08
399847
207704
552359
2.15027e+06
2455.51
32216.1
7.89163e+10
5203.23
3.02258e+08
432522
453.061
1.83748e+07
17570.2
1.6442e+14
1.6442e+14
2.68975e+06
1.74868e+14
480.611
4.2172e+10
2773.38
2466.87
1.5093e+09
9785.64
189.82
1075.58
1527.49
1.0058e+15
5249.41
7.15255e+07
586310
2.01183e+09
2.18364e+07
6.85427e+07
1705.91
6.94202e+06
97547.7
2.0332e+09
4519.28
162786
15270.4
3.38772e+08
1.06279e+08
9236.56
5975.95
1.12691e+07
1.82018e+21
1760.86
390035
1381.04
501847
432.589
310.977
2.53748e+06
42094.2
42234.7
8.84578e+09
19574
16101.4
4419.41
1.0899e+06
1.1539e+08
1.14684e+06
2.18364e+07
1356.32
15630
5755.06
4532.57
99481.8
100112
3.27733e+06
15256.1
1123.94
1.55437e+06
819.678
1.06279e+08
992.926
2.03497e+06
45320.6
1230.01
17541.9
4.70398e+08
1794.41
1852.78
501826
2711.89
2670
2.53746e+06
15721.7
6.13056e+06
13495.3
1.08989e+06
283021
13509.3
1.0058e+15
254713
1.07689e+08
1833.8
1845.1
782505
1.71202e+06
1.71201e+06
25263.9
1759.14
82675.2
1.12691e+07
2.30381e+06
1041.07
3613.6
45334.9
4.25717e+06
67437.7
3.8657e+06
311032
1282.91
2.03508e+06
1.89647e+10
8794.05
6.20632e+08
31560.6
4397.85
19542.9
99292.2
1231.43
1.66462e+06
2.23515e+06
5774.01
5.41422e+08
5.57844e+10
7.6952e+07
24746
9183.07
25281.2
5315.63
9158.9
72287.8
2.97629e+09
6166.16
6173.11
8.17486e+07
667.125
4.94417e+08
4.25716e+06
194774
4.802e+11
142.571
2664.9
50808.5
50835
12767.4
3348.84
9.39509e+08
9.39509e+08
2.01183e+09
99266.9
32355.7
39694.5
13360.7
1005.51
1.83751e+07
7.6952e+07
1.17704e+12
7093.46
1.18395e+12
4.85307e+08
59348.7
10233.5
6026.19
1.27803e+06
310994
4.94417e+08
1.1991e+06
16810.7
16808.9
1.05488e+10
154486
2.91425e+08
164529
1.17704e+12
1698.43
441485
441481
2096.6
254653
2137.88
6.13059e+06
15617.9
1.14677e+06
1.07192e+06
7.89163e+10
11414.3
2.1353e+12
2768.14
30183.1
279127
2.72138e+06
20281.9
209935
773.735
43012.2
6584.18
499808
154460
4.99577e+10
12152
72343.7
3627.81
6590.84
1671.05
31593.6
622170
6.20632e+08
1.36232e+06
1.36231e+06
116346
1463.74
4101.23
1365.39
2030.71
20433.6
13268.6
12112
37595.8
620848
1741.31
2.33458e+10
34770.7
5488.5
3.14738e+07
5661.28
2.1675e+07
9097.93
499829
1235.84
57955.2
243291
1.07224e+06
6.50995e+11
78660.5
2.97629e+09
270479
20222.8
20228.8
82929.9
792.604
116362
2.12465e+08
622541
8529.43
3719.7
6.745e+08
86650.9
171346
175.582
13249.8
1728.3
7123.39
34737.8
3.14737e+07
661.385
2501.84
16583
2.1675e+07
152996
152979
270448
3498.54
14993.1
6.50995e+11
328375
2266.16
16636.9
2.09786e+07
38556.8
5935.61
16053.7
1.03679e+09
1.55079e+06
32358.2
1.55429e+06
1245.17
2.33458e+10
11428.3
1.03679e+09
13262.4
16911.2
40435.3
85857.6
2.12465e+08
623708
2515.55
1370.72
1448.82
19727.7
20287.8
6885.33
243267
2908.37
1.0769e+08
15155.2
13261
840.445
837.793
3708.39
3127.87
775.029
118522
212903
118537
6.85428e+07
9425.51
44061.3
9529.27
21606.1
1.49368e+11
24167.7
