#CONFIGURATION
#number of particles: 961
#seed:                49
#temperature:         1
#sigma:               1
#epsilon:             1
#normed distance:     1.12246
#r_cut:               1.12246
#dt:                  0.01
#box_width:           24.3574
#box height:          21.1994
#space_in_x:          0.392862
#space_in_y:          0.392862
#axial_ratio:         1
#integration method:  leapfrog integration
#lattice type:        triangular lattice
#boundary conditions: periodic boundaries
#lattice constant:    0.785723
#particle speed:      0.5
#nogui:               1
#runs:                0
#logname:             L07V05.txt
3.882e+06
4930.44
5695.08
27622.6
1.66822e+09
995858
34874.4
5.92674e+09
12118.3
29357.1
11442.5
15075.5
3.59913e+07
2.80401e+07
10894.2
771396
1.07093e+07
1.05988e+06
112569
99998.1
56801.6
23287.7
4685.19
2991.83
2.02102e+08
4318.88
7.07639e+10
10408.2
79284.4
140159
79459.7
1.59479e+10
1.59204e+06
1.59479e+10
140469
1.28823e+08
11543.1
995850
9.95744e+13
2.48456e+11
2.48456e+11
765108
8.91404e+06
3.59914e+07
322189
68604.6
13675.7
778698
70554.5
1.69144e+06
3713.29
69112.4
1.51463e+11
3155
18127.2
1.19153e+11
3671.16
25444.1
10575.6
2.96608e+13
69261
2.96608e+13
40783.1
69815.4
1.21515e+06
1.83587e+06
12078.9
9383.65
40549.3
145440
12890.3
7.89407e+06
4.57227e+07
4379.5
2.80401e+07
19144.4
321268
76222.6
3809.37
1.28379e+06
3592.93
2853.38
1.78088e+06
72498.4
1.02658e+07
1.02659e+07
21812.9
394913
33354.8
3.78962e+07
267038
3093.37
571969
6.05545e+09
2883.64
1.83418e+06
33309.1
3.3818e+11
3039.67
5.09023e+08
4733.12
5072.96
97377.5
4.57227e+07
50084.9
50363.6
1.51463e+11
1.34522e+06
7633.83
80928
1.93016e+06
4162.29
2973.78
4500.89
169894
106286
631696
5.85677e+07
4.42495e+08
69556
4.34166e+11
3055.36
3.48624e+06
3572.31
4146.65
3258.65
1.88206e+12
321831
97614.6
135073
3.90231e+07
14797.4
5.85664e+07
114480
1.05981e+06
3.47262e+07
1.73499e+12
1.13531e+08
19388.4
15105.3
3.66996e+06
3.84838e+07
2.79855e+13
1.59122e+06
4284.5
3796.15
109273
631596
786499
1.21507e+06
9877.41
112459
532142
6.73884e+06
432824
1.70849e+06
91167.1
3.4862e+06
623497
1.28822e+08
25990.3
2.79855e+13
2.30922e+06
7.71686e+06
1.01566e+10
3.78959e+07
26020.1
1.19452e+06
4.40442e+07
4993.03
2749.44
7819.06
7792.78
30728.2
30762.9
6.85747e+07
25787.7
342768
344099
581449
259985
393614
6626.69
3942.49
177010
1.88206e+12
85120.2
14601
5362.41
18685.8
127570
51712.3
1502.73
10325.3
1.36372e+06
4876.4
16995.6
2.27305e+08
21622.7
1.13723e+08
16221.7
6.89641e+14
4.42495e+08
1.78351e+06
3741.18
4.40444e+07
39059.3
39060.6
13054.5
581409
3274.15
3801.88
6982.11
10487.8
7.19296e+17
46721.9
4.08019e+07
9.51596e+06
1.08148e+09
9.51427e+06
1.66822e+09
2302.22
21873.7
1.9632e+12
1.98516e+06
8.19729e+06
4548.45
2335.41
6365.84
20128.3
161667
161710
1.34407e+06
3.11536e+09
10634.2
7.53928e+09
1.94058e+06
10518.1
83064.8
2.00792e+10
47044
3967.22
3321.1
1.08148e+09
1.55381e+09
1.19473e+07
18982.2
1.1949e+07
4872.52
6818.12
1.93633e+06
13621.3
312935
127212
3073.74
9.05558e+08
47289.4
2.07343e+07
8.01426e+06
7944.12
6519.58
69817.1
74051.2
16554.2
3.26875e+10
207048
7.59093e+08
4730.76
13455.6
1.94065e+06
118846
3.84835e+07
3.67164e+06
12045.2
5017.32
21660
2910.04
10539.5
3760.16
1.88631e+07
1.88693e+07
7.19296e+17
16037.5
329245
1.69339e+07
1.73184e+11
108713
175871
46441
2.25544e+07
1.14093e+15
1.89427e+11
6.89641e+14
5.60404e+06
1.03059e+08
23706.8
205319
5794.99
261450
69775.1
3.44035e+06
971632
6497.44
119296
4724.87
3.58027e+07
7.24411e+09
9944.21
22372.4
8391.28
1.99596e+06
1.26107e+06
1.99626e+06
1.69337e+07
4.69043e+06
5206.83
3893.66
82439.8
175635
45912.8
7099.49
6044.76
264641
1.14093e+15
111325
57873.2
786021
24380.2
216063
57590.1
9.83298e+06
6100.8
6510.37
2.57492e+07
773888
19258.7
155655
7.24411e+09
3.29353e+06
5749.32
3.28955e+06
1.25425e+06
8218.52
573125
13118.5
4.69047e+06
17721.4
28533.2
1.31823e+06
573344
2.95645e+07
5.90453e+11
10223.5
13234.3
76080.3
1.03058e+08
1.68302e+07
24381.5
171886
3887.69
4134.09
163603
12127.3
1.55381e+09
3.11536e+09
5997.01
155564
10927.6
10928.1
12669.7
14862.8
61337.2
1.11142e+08
3.26875e+10
1.11141e+08
13099.7
1.0158e+07
4.04552e+06
108491
7.6972e+06
35679.4
2.95645e+07
21988.7
16006.8
90940.6
91018.5
171641
90086.8
3463.66
3.10967e+09
72475.8
12324.3
13191
327765
3.02869e+14
1.68966e+06
15932.9
2.56071e+07
28975.9
178244
67795.7
8469.04
76620.8
57827.9
1.90631e+06
57104.8
4.04554e+06
5.47975e+07
2780.86
57446.9
5.90453e+11
5395.06
2.57465e+06
28977.3
3.10967e+09
7187.13
7194.89
89620
9435.24
11495.9
282101
8623.58
10097.1
5.60883e+06
5999.61
6099.34
1.19212e+06
74205
3.44378e+06
178254
1.9632e+12
12016.9
22559.1
11873.5
1.87782e+06
68941.8
8.01533e+06
3598.23
88284.1
4.34444e+08
1.2008e+09
1.24699e+15
1017.37
2.57457e+06
42928.6
73953.7
79585.8
5471.52
10311.2
9989.26
11062.7
2563.03
4257.32
931717
2945.98
2939.58
3.02869e+14
14299.1
7377.34
1.08586e+06
20949.3
6.85737e+07
153313
3.53169e+07
264370
15437.2
165210
3.90246e+07
9.92163e+07
4.34445e+08
4772.88
57688
88903.5
3.8876e+06
7710.74
3.67988e+06
47086.3
68510.6
6371.47
6208.72
6.05545e+09
50393.2
6.0168e+08
2648.69
7.71728e+06
3.58023e+07
56228.2
1.28228e+06
4392.26
5.09022e+08
11243.1
3067.93
236869
97573.9
5.53076e+08
5.21211e+08
592605
700390
9.92164e+07
4831.37
273214
4740.09
4233.82
88894
4295.11
1.36473e+06
47069.3
66000.9
2.08495e+07
1.57445e+09
6078.15
36179.8
50358.9
932286
1.24336e+09
16131.7
4578.56
3.04312e+07
7.43173e+10
1.52704e+10
341372
33285.3
10416.8
5789.77
236660
317.831
3.50407e+06
6.06447e+11
20285.3
6.06447e+11
24279
39401.8
2.01985e+07
3958.57
87958.7
172842
901.093
66045.2
1.45988e+06
7.64894e+07
645807
9.088e+06
9.0879e+06
10247.4
9788.91
1.24337e+09
24145.4
15694.1
29345.7
7085.25
218438
76457.6
5202.18
982.909
23950.7
6.38458e+11
112474
6.38458e+11
163791
13847.4
274808
2.24157e+12
45556.5
7.68445e+06
15106.2
8484.22
87440
10545.6
9.83009e+06
321302
44487.7
228485
3901.12
77938.2
633595
1.242e+09
24024.6
5.92674e+09
8379.5
7434.09
2311.08
3.0431e+07
13675.3
17635.7
8.12131e+06
43964
3.50388e+06
94789.9
51047.8
178148
191059
1.01566e+10
99535.4
7.68522e+06
1.11493e+07
7.53928e+09
3582.21
6.15805e+10
10395
12024.4
11502.7
228388
3467.94
2628.59
8.60553e+09
1.24192e+09
9.05558e+08
1.73184e+11
71186
3145.14
646516
1.99856e+07
4101.86
16043.5
10793.5
17523.8
24201.5
16563.2
13800.6
84736
2.10413e+06
2.0198e+07
2.10434e+06
4833.41
4919.83
2964.37
443338
1.31843e+06
51770.8
86934.5
8438.08
3.24917e+08
29786.9
36181.3
8.60548e+09
118708
6714.29
5805.57
2.00792e+10
38541.4
6.73682e+06
198721
3.04054e+12
67531.7
622480
457883
6.27804e+07
7086.84
145981
1314.28
146638
20991.3
1.08659e+06
305453
656990
10286.3
1.2008e+09
1.13722e+08
3.04054e+12
51719.1
4097.82
7.07639e+10
25057.8
17434
18643.9
60147.9
4705.71
7201.58
4178.38
282155
140623
140640
165916
198822
3032.04
214596
1.60207e+07
143216
6421.97
3337.61
3103.35
28268.7
2.30999e+06
1.74687e+07
1.74693e+07
1.99874e+07
7847.83
7755.31
8.19627e+06
1.25384e+12
80284.7
8933.61
131640
12627.1
2652.72
222192
59831.6
22156.3
4872.89
4780.13
1.11492e+07
34984.8
9286.7
3934.92
2505.76
3.50045e+08
5202.07
458102
47302.4
1.68295e+07
3631.3
2875.05
8527.82
10785.8
676057
9817.51
890.475
154768
1.57445e+09
9.81606e+15
5103.67
80269.1
4207.15
772735
3.83649e+06
46568
1.98322e+06
22370.9
2.24157e+12
2905.14
6533.93
131372
3.69299e+06
7816.42
3671.29
128887
3.50045e+08
572473
70469.5
70477.9
1.52704e+10
16489.4
18830.3
3049.82
1.12697e+15
6.15805e+10
1.12697e+15
48329.8
8.01775e+06
28241.9
27792.9
18632.5
55988.5
15550.3
4903.62
7.05568e+10
6147.64
3.05309e+13
22364.4
21215.7
2788.87
5079.52
4487.3
765570
1.24699e+15
289796
5527.73
8012.99
63352.1
7.05568e+10
10264.9
8009.54
7.69536e+13
18777.6
7.69536e+13
88188.1
8154.24
92814.9
107226
112545
953937
1.25384e+12
17821
171624
9304.95
1.19153e+11
1.56502e+07
9136.94
7.43173e+10
21223
1.10431e+09
14259.9
698607
18495.3
10567.5
4776.87
14590.1
289792
7989.35
28544.7
2750.79
2776.31
22878.5
4867.03
1.3608e+06
4335.1
6523.01
2.08497e+07
9.95744e+13
3.68289e+06
34434.6
7836.87
4348.01
1.86738e+07
69761.5
100099
3.05309e+13
22213.7
9097.54
15868.5
1.086e+06
4.0801e+07
1820.39
16737.3
48611.6
478800
98007.3
6889.63
3.35651e+06
18515.8
9114.3
9.66836e+09
1.08649e+06
22692.1
55501.2
6162.65
1.36025e+06
6943.03
698715
110817
1.46025e+06
7256.26
4207.18
8340.5
7.89423e+06
90621.3
1.86738e+07
3.38845e+08
2925.99
3.6956e+06
35024.2
87730.9
273267
4.34166e+11
16755.5
24103.1
11529.1
1.2203e+07
6703.76
9.67132e+09
3997.66
17655.2
487188
4931.16
2.02094e+08
1.89427e+11
2.27316e+08
6.27793e+07
113033
6459.71
13731.6
1.13532e+08
32555.5
4.84851e+08
16978.9
14570.9
48624.2
774508
15612.9
3.77108e+06
5.47963e+07
8317.48
478552
8874.62
9076.94
23540.8
9582.48
15410.7
90594.6
250179
7.59093e+08
111479
675878
493763
69540.8
68030.6
10441.1
4.84851e+08
39142.2
18252.4
23519.4
8601.62
4053.66
4057.47
33440.6
33442.4
6.0168e+08
5224.23
167101
1.5651e+07
3.38848e+08
15560
7491.39
98273.5
68585.8
1.22015e+07
10871.4
10840.1
97644.4
771608
281877
194768
5759.76
1.70894e+06
192066
1514.33
2984.82
7.64898e+07
38591.3
37584.4
3924.75
8854.94
3.4725e+07
312515
14700.3
8494.92
75333.4
2330.82
9.81606e+15
1.73499e+12
2428.03
5979.23
1.01583e+07
5.20045e+08
1.07095e+07
7.69669e+06
5.40419e+07
5.20043e+08
3.24916e+08
2289.65
5.40406e+07
3120.11
87427.8
5552.93
33822.8
199021
3.3818e+11
122524
1.10431e+09
3412.23
15681.3
