#CONFIGURATION
#number of particles: 961
#seed:                49
#temperature:         1
#sigma:               1
#epsilon:             1
#normed distance:     1.12246
#r_cut:               1.12246
#dt:                  0.01
#box_width:           48.7149
#box height:          42.3988
#space_in_x:          0.785723
#space_in_y:          0.785723
#axial_ratio:         1
#integration method:  leapfrog integration
#lattice type:        triangular lattice
#boundary conditions: periodic boundaries
#lattice constant:    1.57145
#particle speed:      0.5
#nogui:               1
#runs:                0
#logname:             L14V05.txt
0.560623
0.346643
0.290016
0.43235
0.3533
0.246964
0.205813
0.531983
0.281277
0.896391
0.063678
0.349489
0.211515
0.70353
0.413882
0.333987
0.409291
0.137935
0.753937
0.360866
0.706174
0.3914
0.394503
0.453341
0.308615
0.366656
0.605224
0.382796
0.253427
0.406622
0.374061
0.693732
0.483301
0.316381
0.357783
0.118211
0.574624
0.40609
0.463117
0.549401
0.239081
0.173649
0.73748
0.412704
0.0756697
0.331474
0.470285
0.0486385
0.0264107
0.203501
0.248255
0.3352
0.488126
0.207652
0.577576
0.33134
0.378996
0.116675
0.497416
0.5863
0.565625
0.327048
0.334555
0.387572
0.622761
0.0754995
0.40527
0.293065
0.135623
0.607214
0.513782
0.510995
0.41584
0.177503
0.801545
0.55455
0.381366
0.301849
0.850481
0.556175
0.70298
0.258227
0.474296
0.230576
0.135672
0.733148
0.313663
0.472172
0.369212
0.47694
0.812248
0.468713
0.618417
0.0275168
0.314881
0.233375
0.623003
0.792798
0.71806
0.666111
0.253269
0.107564
0.594907
0.384252
0.303701
0.262676
0.367385
0.644079
0.717914
0.091871
1.00029
0.288227
0.173674
0.197698
0.482763
0.636744
0.156227
0.593794
0.832828
0.342548
0.414134
0.379699
0.500728
0.864668
0.285681
0.454386
0.0684894
0.698698
0.321637
0.329824
0.491408
0.497855
0.512548
0.245086
0.475632
0.776881
0.210797
0.0210535
0.282942
0.497729
0.687634
0.427012
0.55088
0.490395
0.0612297
0.337128
0.135847
0.516915
0.160213
0.623506
0.179886
0.243697
0.433211
0.200375
0.202287
0.427299
0.123817
0.55609
0.195345
0.189282
0.0830595
0.518253
0.109161
0.853208
0.425132
0.185218
0.543604
0.30922
0.356356
0.539373
0.072568
0.443707
0.266503
0.0728046
0.409666
0.636284
0.25898
0.508679
0.351858
0.199053
0.51286
0.386145
0.527755
0.591424
0.231381
0.293061
0.344822
0.690136
0.145809
0.752142
0.390462
0.115334
0.257589
0.202939
0.469044
0.595756
0.382446
0.588741
0.248232
0.129922
0.386958
0.38088
0.758147
0.0112551
0.544648
0.514007
0.598063
0.547134
0.375687
0.279778
0.365749
0.660778
0.914054
0.362747
0.618247
0.366767
0.209356
0.195696
0.483116
0.317838
0.298123
0.434759
0.258743
0.429441
0.321846
0.540431
0.147403
0.323592
0.428237
0.52663
0.534793
0.203607
0.468559
0.414696
0.48878
0.653898
0.116622
0.228269
0.167507
0.102821
0.305733
0.363695
0.314409
0.47488
0.271483
0.370869
0.124737
0.0896958
0.377467
0.165463
0.1582
0.409485
0.550929
0.582596
0.201352
0.631699
0.790259
0.17139
0.207045
0.720327
0.520726
1.06786
0.615777
0.0614931
0.405689
0.489126
0.415293
0.114025
0.64709
0.727165
0.293508
0.47669
0.534559
0.397506
0.68427
0.179829
0.349285
0.519804
0.317314
0.401142
0.809779
0.539365
0.556273
0.199048
0.210159
0.407227
0.522267
0.397312
0.304305
0.813226
0.166463
0.699465
0.225999
0.786053
0.245699
0.150038
0.259111
0.496606
0.616924
0.306454
0.63398
0.193998
0.396728
0.309731
0.65075
0.153402
0.204616
0.299132
0.431157
0.0605225
0.335084
0.749516
0.113411
0.689025
0.36695
0.529613
0.893001
0.16237
0.372409
0.635367
0.228388
0.510257
0.232921
0.522959
0.303844
0.473846
0.434531
0.442488
0.376457
0.328002
0.267753
0.464357
0.493328
0.0722303
0.528747
0.51372
0.390091
0.663354
0.458091
0.181044
0.335654
0.433614
0.87213
0.217453
0.699623
0.0792771
0.157925
0.391132
0.397649
0.391412
0.827217
0.166565
0.492625
0.720048
0.271155
0.879453
0.648474
0.486381
0.525288
0.339038
0.285788
0.529659
0.356129
0.565851
0.120817
0.22468
0.573679
0.660297
0.588807
0.708968
0.577004
0.478605
0.819183
0.602742
0.594118
0.331291
0.248958
0.5717
0.204818
0.432383
0.203634
0.477976
0.604577
0.278705
0.813428
0.909671
0.186321
0.716243
0.433327
0.794189
0.412143
0.482483
0.314371
0.178006
0.19647
0.464077
0.0986422
0.592178
0.199585
0.620949
0.254644
0.713441
0.517534
0.418304
0.783568
0.371055
0.723987
0.480863
0.355237
0.721697
0.169267
0.26765
0.633323
0.818379
0.479851
0.430342
0.504147
0.416289
0.31531
0.219716
0.462163
0.384102
0.297352
0.541753
0.18601
0.546139
0.59572
0.532728
0.385367
0.234666
0.664317
0.199073
0.655638
0.18587
0.290198
0.605182
0.496936
0.187177
0.269082
0.362587
0.624372
0.201789
0.705932
1.26259
0.207438
0.214781
0.569792
0.536632
0.149032
0.480026
0.700064
0.55982
0.189809
0.42801
0.577577
0.393959
0.323011
0.26926
0.328144
0.708983
0.947729
0.607896
0.820336
0.373151
0.337977
0.368919
0.793882
0.234101
0.484297
0.167087
0.896214
0.396172
0.554899
0.507742
0.47705
0.217361
0.415483
0.66198
0.187779
0.480564
0.0626891
0.277298
0.426097
0.30299
0.472364
0.232947
0.517344
0.347258
0.271175
0.225312
0.530181
0.137076
0.293083
0.608645
0.176549
0.319124
0.467545
0.175763
0.362278
0.71267
0.773802
0.220042
0.354609
0.717832
0.228395
0.248433
0.135124
0.159573
0.574285
0.558551
0.573121
0.335246
0.286454
0.312592
0.538043
0.204082
0.682809
0.495272
0.473786
0.236982
1.00435
0.614416
0.404455
0.329612
0.601466
0.848701
0.787906
0.100752
0.311507
0.73926
0.680696
0.244884
0.66326
0.588394
0.312775
0.493007
0.203803
0.323225
0.233521
0.723167
0.357917
0.484002
0.142642
0.380369
0.361244
0.635373
0.242556
0.298742
0.805873
0.361138
0.168968
0.0601232
0.23285
0.626528
0.751115
0.255866
0.441593
0.150802
0.648246
0.147355
0.700374
0.584763
0.211055
0.123518
0.539061
0.460696
0.757522
0.520273
0.223129
0.523246
0.143051
0.463666
0.204061
0.462876
0.257589
1.24742
0.570706
0.330484
0.240926
0.0587278
0.341088
0.0786226
0.250632
0.640169
0.565355
0.357205
1.0715
0.426077
0.323717
0.476109
0.672945
0.758927
0.577923
0.332158
0.707588
0.628372
0.226029
0.576682
0.949095
0.805792
0.388451
0.140211
0.671851
0.706249
0.406973
0.808051
0.229241
0.352192
0.196629
1.02932
0.929781
0.250138
0.487917
0.0720615
0.761241
0.229492
0.128436
0.489827
0.639076
0.356456
0.418354
0.353235
0.264592
0.381943
0.403855
0.560089
0.139029
0.400178
0.371835
0.544855
0.375316
0.123287
0.276452
0.274527
0.323487
0.483283
0.476626
0.125033
0.547028
0.568775
0.32317
0.162839
0.712848
0.303804
0.116069
0.367437
0.52158
0.0998109
0.170741
0.524433
0.379952
0.351883
0.465553
0.0660256
0.977475
0.287509
0.574809
0.311959
0.49753
0.894566
1.05973
0.508686
0.273407
0.3555
0.369736
0.246394
0.332657
0.718566
0.792958
0.432182
0.195383
0.557191
0.0915703
0.331669
0.181197
0.245663
0.388564
0.205107
0.381705
0.630344
0.00930221
0.693067
0.558327
0.235839
0.236771
0.462323
0.289685
0.466996
0.652205
0.378473
0.199825
0.400397
0.0729858
0.591995
0.290054
0.425078
0.435736
0.136469
0.581143
0.487372
0.509784
0.361698
0.30267
0.0773998
0.155248
0.712309
0.174585
0.580109
0.515575
0.228366
0.511737
0.805507
0.603849
0.724819
0.145908
0.390526
0.40123
0.240276
0.368809
0.397542
0.12407
0.748297
0.493763
0.282564
0.0990886
0.226089
0.0783764
0.452902
0.755844
0.573444
0.731358
0.646111
0.284069
0.0826627
0.138149
0.330904
0.347007
0.33764
0.763964
0.486872
0.521575
0.252755
0.472487
0.753903
0.160538
0.503163
0.338005
0.410602
0.628978
0.381038
0.189904
0.102193
0.606403
0.172835
1.16408
0.746602
0.111272
0.43097
0.49079
0.395511
0.818948
0.0999719
0.492894
0.651662
0.57992
0.409588
0.630565
0.583949
0.388918
0.874552
0.25035
0.255313
0.534163
0.274226
0.391663
0.410378
0.450527
0.380808
1.07334
0.32817
0.38833
0.474456
0.111197
0.221675
0.517762
0.709466
0.764572
0.443858
0.0202871
0.362545
0.641266
0.133264
0.0482638
0.121998
0.585726
0.703542
0.528818
0.502036
0.0984917
0.496046
0.242191
0.23626
0.281779
0.325744
1.15495
0.46664
0.395323
0.689581
0.498698
0.336867
0.220512
0.499327
0.780762
0.539828
0.528349
0.755089
0.200296
0.62687
0.241765
0.34553
0.243455
0.32755
0.0666085
1.21918
0.193641
0.32257
0.407029
0.0859965
0.132231
0.535731
0.155844
0.104036
0.808674
0.504771
0.260223
0.944646
0.496282
0.175696
0.250765
0.329213
0.868727
0.546817
0.33942
0.376991
0.341574
0.697003
0.2386
0.24847
0.375506
0.336154
0.385795
0.535384
0.190842
0.644721
0.963625
0.43633
0.446922
0.228358
0.177606
0.369023
0.381091
0.343645
0.498823
0.614869
0.351947
0.848129
0.42833
0.554632
0.670314
0.660048
0.625176
1.03737
0.465764
0.769016
0.0577831
0.42759
0.307294
0.386312
0.291625
0.3352
0.587174
0.304014
0.325616
0.262329
0.52779
0.825779
0.650228
0.149035
0.963225
0.439417
0.920467
0.0919784
0.844772
0.0984359
0.585948
0.787933
0.471184
0.485986
0.776532
0.233191
0.682972
0.643825
0.86711
0.413419
0.276754
0.463815
0.200839
0.348015
0.364642
0.444327
0.571293
0.441978
0.294911
0.710259
0.412839
0.236588
0.73664
0.285591
0.523626
0.158319
0.463925
0.0979425
0.777075
0.177862
0.802259
0.639483
0.585999
0.830767
0.134514
0.326473
0.0913245
0.449466
0.245336
0.793778
0.367355
0.309628
0.18528
0.360363
0.584687
0.49338
0.194212
0.350837
0.694419
0.729674
0.132544
0.221369
0.81924
0.278265
0.609081
0.485061
0.47019
0.385227
0.568537
0.168639
0.798489
0.844734
0.650576
0.549558
0.412469
0.173409
0.311657
