#CONFIGURATION
#number of particles: 961
#seed:                49
#temperature:         1
#sigma:               1
#epsilon:             1
#normed distance:     1.12246
#r_cut:               1.12246
#dt:                  0.01
#box_width:           34.7963
#box height:          30.2849
#space_in_x:          0.561231
#space_in_y:          0.561231
#axial_ratio:         1
#integration method:  leapfrog integration
#lattice type:        triangular lattice
#boundary conditions: periodic boundaries
#lattice constant:    1.12246
#particle speed:      0.5
#nogui:               1
#runs:                0
#logname:             L1V05dt001.txt
0.289121
0.242586
0.168337
0.185874
0.10083
0.569949
0.168412
0.376881
0.188031
0.461738
0.0534192
0.407888
0.134834
0.454087
0.741635
0.328848
0.256926
0.173084
0.343055
0.565338
0.192655
0.23264
0.281774
0.0661348
0.13521
0.257044
0.303965
0.29691
0.153147
0.516322
0.264471
0.453578
0.145086
0.440641
0.298756
0.399211
0.261237
0.157268
0.221647
0.480076
0.317247
0.178384
0.364594
0.327199
0.322387
0.225971
0.198263
0.764036
0.442721
0.669145
0.114524
0.395305
0.310863
0.481163
0.351111
0.552741
0.27304
0.521904
0.0497643
0.287613
0.446289
0.397947
0.241835
0.295757
0.0328807
0.415629
0.044392
0.17143
0.266508
0.218756
0.623216
0.265509
0.476397
0.476142
0.330135
0.394226
0.209262
0.182261
0.143184
0.326489
0.166242
0.502097
0.218418
0.0823737
0.495604
0.680414
0.315901
0.745406
0.0909313
0.246799
0.0749004
0.331835
0.302925
0.395574
0.391978
0.224509
0.0351769
0.116563
0.28553
0.45165
0.544666
0.324395
0.329361
0.121516
0.559033
0.245987
0.21678
0.189279
0.251479
0.222618
0.406953
0.504591
0.381109
0.240542
0.193009
0.251716
0.152022
0.447603
0.129364
0.16782
0.227951
0.603644
0.370773
0.309196
0.396621
0.126219
0.32824
0.428424
0.285568
0.049927
0.459406
0.148905
0.208161
0.314141
0.293791
0.277954
0.319475
0.21307
0.441929
0.474839
0.0930185
0.725153
0.667295
0.570137
0.274477
0.0986642
0.408224
0.176866
0.288218
0.485029
0.325109
0.265237
0.611789
0.4624
0.376698
0.660591
0.376302
0.172384
0.293876
0.159548
0.270259
0.336223
0.394731
0.12759
0.504668
0.635029
0.512877
0.237579
0.309143
0.148239
0.354709
0.487078
0.377802
0.123151
0.361101
0.268412
0.138471
0.129384
0.476587
0.359
0.415987
0.451989
0.221997
0.219186
0.258471
0.0761941
0.113189
0.284156
0.530476
0.105641
0.286993
0.21344
0.175152
0.415103
0.501481
0.117893
0.234918
0.692453
0.496918
0.277681
0.18636
0.230085
0.257109
0.30818
0.262743
0.272138
0.489887
0.393283
0.426032
0.526601
0.749164
0.469743
0.481182
0.465174
0.282112
0.188681
0.381171
0.330509
0.430315
0.294368
0.466472
0.396856
0.947103
0.10147
0.072354
0.232747
0.216087
0.432925
0.0626756
0.235429
0.12228
0.472339
0.402237
0.288139
0.396348
0.309057
0.127996
0.824383
0.624422
0.246569
0.0998379
0.381991
0.326081
0.261823
0.387264
0.538188
0.357992
0.395336
0.160771
0.285014
0.273472
0.390678
0.447197
0.195145
0.496539
0.064885
0.268457
0.484151
0.382745
0.189412
0.14533
0.328022
0.458394
0.365983
0.295992
0.777517
1.11265
0.433323
0.654788
0.479043
0.131819
0.379188
0.272934
0.121954
0.34258
0.299933
0.417663
0.188187
0.464791
0.399016
0.345696
0.0805381
0.407444
0.294833
0.330776
0.744267
0.163551
0.256081
0.19709
0.220851
0.254741
0.284178
0.466275
0.43697
0.284059
0.200299
0.394441
0.280826
0.523641
0.368627
0.310934
0.455519
0.532424
0.307163
0.337924
0.241542
0.61167
0.148169
0.479391
0.258279
0.476086
0.536809
0.498372
0.687849
0.486107
0.436528
0.156288
0.236574
0.430282
0.294819
0.185724
0.444355
0.327871
0.0955952
0.0883018
0.55061
0.11805
0.215255
0.50951
0.597987
0.339768
0.401723
0.317041
0.350127
0.349174
0.528849
0.378764
0.228058
0.635708
0.277348
0.611477
0.391539
0.298348
0.381225
0.339932
0.374425
0.292025
0.296503
0.396915
0.349655
0.29145
0.2318
0.429794
0.871662
0.415528
0.340622
0.221842
0.147553
0.180076
0.348168
0.406206
0.0696094
0.0158177
0.122362
0.10938
0.526756
0.626699
0.199448
0.639699
0.411132
0.252792
0.487322
0.405147
0.387235
0.645336
0.246449
0.122314
0.238741
0.257292
0.461451
0.332402
0.12727
0.259013
0.538649
0.1095
0.23972
0.227583
0.206259
0.352395
0.489297
0.280612
0.656274
0.458828
0.1415
0.733583
0.219924
0.529418
0.21946
0.53018
0.474606
0.0735169
0.124484
0.243807
0.260102
0.173158
0.304856
0.328499
0.259228
0.118276
0.322418
0.34251
0.203818
0.215116
0.25247
0.347191
0.716452
0.362629
0.385691
0.888876
0.376713
0.544941
0.0817251
0.131841
0.268209
0.571322
0.234892
0.652392
0.20241
0.190784
0.448374
0.10485
0.40821
0.679442
0.359702
0.181413
0.15547
0.162681
0.152851
0.358142
0.273049
0.314047
0.113324
0.0236234
0.283641
0.312698
0.132199
0.440376
0.28666
0.697029
0.367321
0.142197
0.349955
0.370451
0.098161
0.254555
0.126281
0.209282
0.449198
0.287491
0.044847
0.186867
0.507323
0.384006
0.641979
0.348993
0.277595
0.341712
0.235959
0.13075
0.378187
0.48374
0.58287
0.302668
0.174343
0.377793
0.154228
0.474043
0.207425
0.136121
0.505195
0.168731
0.260519
0.249457
0.341246
0.102775
0.218699
0.361845
0.299119
0.291689
0.111112
0.593151
0.149894
0.0961901
0.481254
0.627891
0.405431
0.144958
0.327116
0.422092
0.657694
0.233529
0.825486
0.147709
0.434294
0.388893
0.348254
0.535218
0.196969
0.197701
0.268204
0.0557111
0.19959
0.246127
0.340516
0.235022
0.373613
0.173432
0.336722
0.192562
0.26334
0.109732
0.263614
0.124916
0.328377
0.195428
0.44769
0.325418
0.287873
0.344632
0.418204
0.251072
0.617979
0.344386
0.423918
0.373724
0.319336
0.351838
0.308055
0.383739
0.35576
0.177293
0.628197
0.408586
0.650257
0.437236
0.265216
0.441268
0.420994
0.401285
0.254815
0.249282
0.393927
0.32928
0.296377
0.229889
0.259816
0.365674
0.181277
0.287207
0.322385
0.696634
0.133983
0.175672
0.317347
0.129891
0.171242
0.31019
0.597535
0.267833
0.159577
0.259087
0.116025
0.608049
0.0944997
0.10401
0.573556
0.843604
0.260939
0.410371
0.14669
0.726606
0.132264
0.28956
0.335025
0.299008
0.248929
0.138374
0.288542
0.162599
0.462795
0.157192
0.135395
0.392104
0.396251
0.647898
0.520041
0.0752504
0.467439
0.228994
0.36082
0.128146
0.210349
0.504907
0.30324
0.639278
0.349281
0.525414
0.346609
0.325708
0.318932
0.295279
0.497591
0.163589
0.189206
0.219735
0.0534232
0.256427
0.390558
0.233351
0.360479
0.208506
0.257143
0.222094
0.43398
0.311144
0.489277
0.246644
0.27967
0.170609
0.418654
0.318831
0.101143
0.247352
0.270774
0.327691
0.110903
0.256463
0.485963
0.427585
0.345796
0.0676318
0.14917
0.462509
0.420556
0.228496
0.240894
0.587532
0.304657
0.278851
0.171759
0.490295
0.481878
0.297346
0.370835
0.0825157
0.332785
0.180327
0.189401
0.630205
0.227478
0.198136
0.404829
0.714398
0.140818
0.319655
0.17515
0.430512
0.297205
0.265239
0.230402
0.115977
0.475652
0.537025
0.0771325
0.231298
0.241343
0.518442
0.417013
0.398653
0.339996
0.427541
0.194787
0.160303
0.362604
0.243014
0.389462
0.270125
0.328168
0.188077
0.288579
0.216909
0.553673
0.463223
0.115322
0.177475
0.310884
0.215958
0.376727
0.437797
0.740628
0.31237
0.451491
0.369587
0.467744
0.624171
0.291174
0.201022
0.73457
0.492548
0.194069
0.316524
0.31416
0.262483
0.0748978
0.576669
0.118132
0.391557
0.245654
0.624889
0.290879
0.353899
0.284361
0.251719
0.431366
0.284838
0.157753
0.395049
0.659169
0.416821
0.266628
0.366494
0.156039
0.126452
0.153836
0.547371
0.355751
0.401898
0.195827
0.577149
0.186892
0.413435
0.705118
0.378835
0.263639
0.597844
0.464785
0.12912
0.263022
0.588399
0.648467
0.107772
0.319108
0.172738
0.215565
0.117857
0.644537
0.639523
0.337565
0.266263
0.188262
0.461051
0.208897
0.374271
0.0707809
0.497304
0.406562
0.45343
0.180396
0.412315
0.544584
0.267989
0.0741867
0.320168
0.734325
0.254028
0.0311265
0.326286
0.420186
0.281876
0.430256
0.432612
0.251618
0.393584
0.334654
0.0833414
0.356354
0.387858
0.183369
0.360608
0.190368
0.171644
0.513359
0.616866
0.18451
0.270948
0.0595562
0.721772
0.352948
0.412805
0.0974447
0.487367
0.158337
0.207757
0.519798
0.202886
0.256216
0.236287
0.382985
0.223401
0.425532
0.16727
0.560504
0.269775
0.341866
0.757384
0.220937
0.332147
0.445887
0.322392
0.32208
0.575027
0.235483
0.222419
0.331463
0.538494
0.362263
0.347134
0.521089
0.518835
0.442106
0.175381
0.299687
0.441801
0.387192
0.361183
0.115634
0.657916
0.350182
0.23264
0.200531
0.278779
0.439781
0.407276
0.433938
0.158084
0.0439706
0.112595
0.110857
0.348656
0.426732
0.442744
0.441164
0.169518
0.222536
0.317982
0.289427
0.338392
0.135157
0.41792
0.111458
0.27806
0.520815
0.287762
0.255718
0.641299
0.261621
0.152651
0.288488
0.257703
0.296448
0.14308
0.616732
0.295836
0.196895
0.176237
0.376029
0.366733
0.69333
0.583486
0.182935
0.18347
0.148735
0.309167
0.36174
0.372372
0.350703
0.740914
0.0265581
0.184321
0.184705
0.227765
0.203176
0.045644
0.397811
0.660663
0.45624
0.599281
0.228189
0.11664
0.274999
0.401968
0.0620964
0.588124
0.566477
0.191244
0.454017
0.313303
0.206303
0.127992
0.324545
0.375294
0.182536
0.328344
0.313353
0.662507
0.249653
0.283232
0.10417
0.211237
0.177875
0.348716
0.397522
0.718382
0.391727
0.276347
0.174449
0.665628
0.534508
0.37555
0.0935079
0.268252
0.395216
0.17967
0.53549
0.174513
0.245948
0.123076
0.382452
0.2942
0.468379
0.0791295
0.399693
0.235448
0.55442
0.337415
0.496274
0.204727
0.220303
0.436213
0.141444
0.392314
0.306225
0.487341
0.508152
0.580201
0.323315
0.401016
0.34357
0.403451
0.119149
0.341421
