#CONFIGURATION
#number of particles: 961
#seed:                49
#temperature:         1
#sigma:               1
#epsilon:             1
#normed distance:     1.12246
#r_cut:               1.12246
#dt:                  0.01
#box_width:           38.276
#box height:          33.3134
#space_in_x:          0.617354
#space_in_y:          0.617354
#axial_ratio:         1
#integration method:  leapfrog integration
#lattice type:        triangular lattice
#boundary conditions: periodic boundaries
#lattice constant:    1.23471
#particle speed:      0.5
#nogui:               1
#runs:                0
#logname:             L11V05.txt
0.198944
0.351948
0.57169
0.20093
0.266419
0.269657
0.0859544
0.273442
0.207821
1.12494
0.163125
0.235915
0.30529
0.27384
0.363982
0.620973
0.300852
0.117087
0.175489
0.477468
0.335957
0.14493
0.343166
0.392192
0.169478
0.166227
0.562741
0.357808
0.363608
0.530382
0.297588
0.121714
0.512647
0.45703
0.258444
0.232209
0.576165
0.499974
0.228682
0.33127
0.200553
0.0336388
0.490889
0.564244
0.468978
0.51246
0.200985
0.451731
0.267048
0.580934
0.476442
0.287207
0.0846634
0.0853266
0.42986
0.37855
0.340716
0.26622
0.36905
0.466436
0.190447
0.12612
0.191414
0.447949
0.229105
0.131589
0.576408
0.676369
0.280987
0.283085
0.225427
0.646563
0.597092
0.0221267
0.508716
0.432532
0.451452
0.0961837
0.350122
0.342875
0.174998
0.298362
0.245295
0.334293
0.43678
0.465853
0.340551
0.678887
0.339592
0.355662
0.536064
0.352349
0.752483
0.382348
0.482134
0.278842
0.63489
0.384891
0.15033
0.330549
0.179213
0.264789
0.396766
0.282168
0.477812
0.435545
0.265752
0.294896
0.384208
0.372043
0.0923271
0.400751
0.203685
0.515908
0.70719
0.126799
0.321131
0.232653
0.178027
0.222428
0.344697
0.874936
0.972458
0.272787
0.0584452
0.285567
0.225719
0.293271
0.271631
0.124052
0.572398
0.228641
0.241747
0.169037
0.38764
0.519084
0.720304
0.450979
0.299366
0.443257
0.343562
0.527817
0.181606
0.490202
0.626471
0.652803
0.521273
0.496101
0.656282
0.21028
0.301997
0.138978
0.597997
0.44801
0.563849
0.48769
0.637936
0.419796
0.816434
0.0514279
0.46271
0.158247
0.741246
0.450516
0.511742
0.756075
0.571822
0.381796
0.794698
0.074258
0.595765
0.461318
0.319683
0.364518
0.73103
0.509719
0.922799
0.125919
0.534335
0.236223
0.309407
0.0993196
1.02657
0.0806517
0.178975
0.879557
0.870616
0.526332
0.341143
0.312569
0.241557
0.340817
0.427616
0.546419
0.169518
0.179448
0.216891
0.625028
0.431746
0.159162
0.135659
0.268965
0.430565
0.597431
0.243381
0.474387
0.220811
0.513063
0.641965
0.590757
0.207985
0.408876
0.011598
0.563436
0.425961
0.071227
0.482728
0.931046
0.103467
0.208167
0.277051
0.456603
0.303335
0.18109
0.450324
0.756222
0.229756
0.194463
0.635644
0.129086
0.882494
0.339035
0.204973
0.120258
0.330138
0.355056
0.460475
0.279651
0.635115
0.547184
0.676422
0.32663
0.408423
0.268813
0.231693
0.366862
0.281509
0.283442
0.237961
0.430862
0.107106
0.264376
0.330441
0.742938
0.0571648
0.577413
0.239047
0.176821
0.27875
0.385024
0.0250641
0.310058
0.42283
0.134791
0.185697
0.454736
0.274893
0.288285
0.324804
0.919285
0.785912
0.363945
0.397022
0.153421
0.274716
0.325056
0.26139
0.370901
0.399455
0.253562
0.229906
0.101152
0.247957
0.663518
0.264976
0.697954
0.332046
0.623667
0.694806
0.162618
0.0604231
0.413901
0.417631
0.123211
0.493313
0.564948
0.0982055
0.520432
0.235432
0.234917
0.514357
0.646579
0.824324
0.396595
0.452002
0.468418
0.579333
0.210796
0.395238
0.444734
1.1311
0.446572
0.134042
0.391346
0.156543
0.401888
0.460083
0.728709
0.102057
0.484239
0.27702
0.367434
0.159243
0.12579
0.107515
0.184578
0.494938
0.27057
0.499766
0.215541
0.425783
0.378224
0.248335
0.645819
0.251989
0.38299
0.493434
0.623986
0.248722
0.26247
0.275913
0.216098
0.102979
0.210049
0.167437
0.287511
0.212042
0.862637
0.784007
0.123827
0.0405482
0.404169
0.324753
0.497763
0.437189
0.151818
0.304162
0.464025
0.422695
0.738004
0.545877
0.261489
0.273897
0.174172
0.188688
0.506946
0.467711
0.252448
0.29484
0.2431
0.589781
0.605537
0.827688
0.519133
0.331967
0.0531076
0.20038
0.321548
0.216351
0.0939902
0.704601
0.147145
0.214511
0.1491
0.337786
0.259335
0.578519
0.208009
0.576674
0.16846
0.418943
0.424314
0.446205
0.229338
0.376828
0.326893
0.313581
0.298479
0.334978
0.108308
0.295581
0.114073
0.841782
0.246636
0.396234
0.358079
0.357593
0.359467
0.457085
0.524681
0.488704
0.47037
0.41074
0.279401
0.532282
0.749646
0.487106
0.327253
0.478291
0.315727
0.740741
0.365281
0.148135
0.480017
0.114928
0.307869
0.389854
0.322145
0.280797
0.330784
0.211671
0.259419
0.503053
0.355595
0.263291
0.445488
0.201736
0.670858
0.151998
0.608822
0.532825
0.171024
0.213505
0.119465
0.396337
0.184714
0.502703
0.342356
0.141457
0.30614
0.304832
0.164261
0.362968
0.720438
0.270611
0.50681
0.168393
0.603009
0.24462
0.203645
0.260894
0.275972
0.570335
0.143536
0.0775133
0.336724
0.381094
0.208021
0.604561
0.47164
0.584404
0.351409
0.719142
0.275912
0.255711
0.195353
0.634795
0.367329
0.313814
0.354161
0.630976
0.358002
0.600385
0.341151
0.148982
0.280702
0.260734
0.378621
0.329152
0.226925
0.312583
0.481531
0.444714
0.536682
0.873654
0.46488
0.22454
0.331881
0.25495
0.466516
0.229371
0.334628
0.521772
0.306809
0.467615
0.213639
0.277893
0.308177
0.349386
0.110411
0.448546
0.640655
0.194629
0.266637
0.278712
0.309856
0.298786
0.324153
0.424335
0.734214
0.0919379
0.0650647
0.27121
0.518981
0.425654
0.155286
0.350878
0.604833
0.526637
0.361015
0.486234
0.337158
0.428021
0.442297
0.704431
0.46695
0.356627
0.00789584
0.291304
0.601502
0.33826
0.254961
0.355355
0.277612
0.992482
0.119308
0.853513
0.347175
0.0629372
0.129259
0.384447
0.322264
0.430728
0.503292
0.146356
0.151197
0.363178
0.497861
0.116937
0.761564
0.332024
0.493853
0.546329
0.179246
0.562231
0.143112
0.315512
0.327578
0.882269
0.381889
0.407003
0.848464
0.392708
0.360313
0.555531
0.370659
0.168916
0.390325
0.506488
0.523826
0.64654
0.37286
0.624994
0.552582
0.322782
0.617704
0.388116
0.210797
0.101785
0.332701
0.317695
0.595479
0.156976
0.494495
0.342013
0.773606
0.299545
0.234231
0.399259
0.337726
0.257078
1.05229
0.63263
0.242804
0.664331
0.343831
0.261625
0.443222
0.444117
0.215942
0.181908
0.409328
0.212882
0.892763
0.184727
0.20055
0.542331
0.193518
0.411261
0.288968
0.60766
0.256119
0.438345
0.166794
0.143667
0.431141
0.288358
0.160448
0.325038
0.124917
0.342173
0.555737
0.653742
0.215125
0.748517
0.263556
0.356699
0.0738097
0.146693
0.34498
0.445994
0.425628
0.505359
0.231925
0.304843
0.143293
0.206491
0.686122
0.392308
0.286141
0.680301
0.430604
0.416122
0.422393
0.523857
0.185543
0.435782
0.65926
0.745691
0.468409
0.2763
0.390888
0.262864
0.608095
0.263486
0.532747
0.255407
0.334333
0.206131
0.373501
0.679593
0.399356
0.137455
0.754367
0.133909
0.658553
0.112521
0.445789
0.36669
0.564481
0.286308
0.0321435
0.136173
0.675403
0.278756
0.31247
0.235983
0.264224
0.0749959
0.910133
0.0874647
0.639463
0.565567
0.391932
0.348937
0.0923712
0.429246
0.40436
0.722022
0.439203
0.795161
0.639259
0.316251
0.541853
0.772847
0.268513
0.302803
0.502264
0.21988
0.499707
0.654745
0.878576
0.704345
0.244708
0.231068
0.313082
0.368676
0.304697
0.38347
0.64313
0.413074
0.439445
0.241122
0.0495321
0.076918
0.453699
0.481632
0.721748
0.546016
0.542074
0.385366
0.409896
0.390315
0.151759
0.423379
0.496377
0.221569
0.235438
0.645647
0.288042
0.278166
0.0755211
0.71578
0.399141
0.33981
0.728019
0.232952
0.0582169
0.723969
0.356743
0.564448
0.45158
0.23513
0.426551
0.66485
0.378246
0.420618
0.621019
0.643598
0.272544
0.682033
0.106794
0.261557
0.124102
0.446061
0.319664
0.67059
0.194343
0.248461
0.0491474
0.639125
0.205554
0.539697
0.145898
0.582803
0.499275
0.850761
0.11032
0.0939489
0.478367
0.191265
0.209293
0.536638
0.420853
0.423383
0.675387
0.249318
0.0373889
0.528341
0.563004
0.60849
0.271299
0.092755
0.369131
0.355822
0.0627957
0.315541
0.378934
0.181623
0.305211
0.362687
0.330203
0.379255
0.359744
0.474721
0.719249
0.172556
0.404633
0.385085
0.325324
0.582678
0.505779
0.410053
0.0994457
0.412563
0.327851
0.665166
0.494128
0.453347
0.485969
0.309703
0.345015
0.472156
0.287772
0.882483
0.0544809
0.582972
0.254855
0.350812
0.539239
0.724197
0.177618
0.175968
0.400738
0.334523
0.243466
0.255665
0.693401
0.235748
0.258273
0.469216
0.506575
0.287025
0.563397
0.375138
0.206933
0.188213
0.458627
0.353991
0.274319
0.309157
0.324071
0.0135871
0.226738
0.539236
0.498606
0.0554382
0.564602
0.405245
0.613618
0.390977
0.299277
0.626944
0.300638
0.433795
0.750322
0.518056
0.631748
0.474743
0.363266
0.516235
0.660862
0.330268
0.545711
0.258217
0.434073
0.325422
0.368206
0.463639
0.590682
0.183079
0.220239
0.404175
0.571086
0.103242
0.31828
0.389247
0.118739
0.559422
0.418732
0.490146
0.70922
0.44296
0.186022
0.0918039
0.369895
0.205712
0.225567
0.592552
0.711902
0.989607
0.367621
0.698984
0.297035
0.367917
0.194408
0.689577
0.332123
0.510377
0.186788
0.843933
0.680953
0.191899
0.0959497
0.253796
0.362985
0.399107
0.410849
0.176727
0.203831
0.108678
0.171475
0.465975
0.409694
0.334959
0.300719
0.246847
0.233638
0.271138
0.310335
0.532028
0.365487
0.364583
0.328969
0.357725
0.299395
0.90511
0.320727
0.0385319
0.296262
0.583114
0.626451
0.530674
0.492176
0.264322
0.50213
0.217464
0.061086
0.192249
0.354528
0.398995
0.708944
0.838365
0.410223
0.180344
0.691765
0.37397
0.206851
0.261306
0.231259
0.51642
