#CONFIGURATION
#number of particles: 961
#seed:                49
#temperature:         1
#sigma:               1
#epsilon:             1
#normed distance:     1.12246
#r_cut:               1.12246
#dt:                  0.005
#box_width:           34.7963
#box height:          30.2849
#space_in_x:          0.561231
#space_in_y:          0.561231
#axial_ratio:         1
#integration method:  leapfrog integration
#lattice type:        triangular lattice
#boundary conditions: periodic boundaries
#lattice constant:    1.12246
#particle speed:      0.5
#nogui:               1
#runs:                0
#logname:             L1V05dt0005.txt
0.629732
0.450652
0.0858364
0.532318
0.440348
0.307517
0.34698
0.468551
0.250987
0.318164
0.333291
0.110991
0.503605
0.144847
0.362814
0.283202
0.883186
0.461772
0.168021
0.735355
0.216911
0.269242
0.595869
0.329963
0.592423
0.486055
0.318963
0.242833
0.495059
0.160254
0.172131
0.522529
0.156988
0.436763
0.0874562
0.438519
0.34995
0.174879
0.445841
0.291619
0.553915
0.319809
0.594017
0.30695
0.229336
0.171321
0.53336
0.520855
0.0580203
0.456802
0.368924
0.625541
0.518629
0.372022
0.481392
0.0993295
0.568072
0.426993
0.0812263
0.202349
0.395806
0.169585
0.0896676
0.360493
0.370682
0.292924
0.410139
0.235398
0.0774996
0.63868
0.596375
0.0914963
0.483007
0.259103
0.29777
0.542932
0.244218
0.337644
0.106051
0.436145
0.261448
0.191775
0.553635
0.662138
0.195482
0.548846
0.344164
0.11482
0.323347
0.0999372
0.370206
0.267398
0.16057
0.415302
0.0711797
0.219295
0.485206
0.12253
0.312438
0.155788
0.508595
0.179608
0.195818
0.321025
0.398995
0.230985
0.152194
0.204121
0.375588
0.312169
0.174361
0.232397
0.430039
0.17818
0.198439
0.448628
0.590723
0.428962
0.590518
0.467383
0.926319
0.343231
0.559627
0.169538
0.219213
0.284028
0.437905
0.103725
0.184142
0.576323
0.619753
0.200712
0.588344
0.302295
0.369263
0.348178
0.289153
0.34318
0.491985
0.171692
0.159172
0.186052
0.852467
0.532758
0.429882
0.364955
0.349044
0.308076
0.338056
0.0755979
0.631067
0.303712
0.299571
0.0607376
0.345886
0.116904
0.894947
0.282662
0.117931
0.383545
0.731996
0.485395
0.22097
0.294545
0.603362
0.0697303
0.507729
0.120975
0.0777969
0.460836
0.487038
0.413585
0.179059
0.335551
0.528414
0.441222
0.25901
0.335716
0.137746
0.45761
0.183686
0.488523
0.182451
0.0351858
0.310903
0.113165
0.528808
0.304304
0.455342
0.455669
0.558933
0.379698
0.193999
0.249787
0.517507
0.0714389
0.179188
0.415066
0.447682
0.404833
0.18849
0.267031
0.204548
0.392612
0.533846
0.0805423
0.0841273
0.0989286
0.357926
0.221939
0.125591
0.400802
0.296931
0.392417
0.0532137
0.265533
0.0230384
0.304695
0.37149
0.318085
0.432672
0.2842
0.282454
0.141225
0.194342
0.448544
0.460355
0.11249
0.19202
0.283926
0.128018
0.125798
0.232958
0.141853
0.204602
0.419305
0.390269
0.502968
0.209767
0.520179
0.258106
0.254253
0.435083
0.279466
0.310119
0.230573
0.519978
0.807928
0.346032
0.578493
0.410909
0.416954
0.213962
0.158575
0.242904
0.48183
0.0378129
0.437991
0.560496
0.412215
0.491101
0.297196
0.238254
0.532392
0.623812
0.205184
0.408635
0.319583
0.364873
0.232919
0.240735
0.219782
0.171679
0.300442
0.871388
0.224417
0.286975
0.490995
0.721165
0.239774
0.500457
0.479313
0.27087
0.46053
0.641729
0.250776
0.329048
0.507621
0.318801
0.410309
0.381335
0.390535
0.460358
0.398494
0.179585
0.235105
0.0910898
0.476029
0.335513
0.145204
0.0804885
0.130939
0.217038
0.277909
0.342305
0.321541
0.11787
0.366468
0.210009
0.522104
0.089003
0.112476
0.122663
0.224371
0.256712
0.209686
0.574673
0.740929
0.244726
0.0522385
0.667363
0.294506
0.650354
0.137962
0.627465
0.238566
0.429626
0.181301
0.205155
0.310698
0.348661
0.197559
0.547032
0.149791
0.466506
0.400057
0.242824
0.239777
0.270621
0.676601
0.357368
0.610239
0.807154
0.359758
0.489679
0.419408
0.55749
0.330986
0.498172
0.560241
0.349485
0.397408
0.223644
0.00282045
0.621335
0.686073
0.231423
0.249728
0.262114
0.132044
0.441841
0.259434
0.325679
0.642362
0.102007
0.237146
0.622196
0.121482
0.283847
0.344379
0.249039
0.103615
0.472073
0.561396
0.0887622
0.480397
0.512425
0.348103
0.240744
0.367314
0.265964
0.163921
0.0634921
0.246743
0.490071
0.168423
0.630405
0.447973
0.311399
0.12812
0.504794
0.11903
0.258628
0.307449
0.113003
0.207814
0.295106
0.113191
0.261242
0.360806
0.208946
0.459174
0.311669
0.267915
0.192586
0.34932
0.176782
0.268432
0.444114
0.382583
0.197289
0.370118
0.409915
0.512247
0.491556
0.124239
0.385357
0.388445
0.613873
0.364136
0.0874562
0.179318
0.282939
0.30877
0.57196
0.276817
0.0534168
0.513542
0.358552
0.763328
0.2362
0.373004
0.359578
0.273787
0.150054
0.391334
0.61771
0.196678
0.592605
0.26568
0.34065
0.360447
0.184771
0.0867233
0.256748
0.377534
0.345068
0.114862
0.205313
0.259885
0.456629
0.248275
0.153482
0.135632
0.145558
0.0515826
0.25071
0.166926
0.58081
0.364641
0.254683
0.492512
0.333497
0.206311
0.353331
0.39236
0.266306
0.498004
0.428365
0.156496
0.348151
0.109262
0.711357
0.212822
0.24748
0.137327
0.293744
0.332784
0.729851
0.235617
0.633516
0.242005
0.275705
0.213183
0.646966
0.340621
0.171137
0.240179
0.712331
0.177011
0.153172
0.239721
0.425043
0.343785
0.12564
0.126492
0.304092
0.841093
0.492257
0.444991
0.468868
0.0448372
0.175037
0.0655641
0.366794
0.187473
0.186083
0.471864
0.346568
0.621381
0.300333
0.502567
0.464435
0.407077
0.180576
0.134327
0.304647
0.237691
0.412999
0.424539
0.211486
0.729901
0.430237
0.174499
0.440524
0.749836
0.134941
0.20798
0.45261
0.072791
0.743604
0.370095
0.439538
0.252708
0.36846
0.405576
0.395166
0.137478
0.379951
0.339805
0.205419
0.112817
0.178668
0.16083
0.196607
0.591674
0.552182
0.23325
0.200554
0.133043
0.198509
0.545861
0.249776
0.487488
0.186596
0.679575
0.145662
0.142381
0.172421
0.10581
0.444179
0.634093
0.540886
0.0186354
0.175651
0.247398
0.414276
0.424533
0.229517
0.26364
0.28813
0.0516354
0.305854
0.294501
0.325492
0.33271
0.243817
0.188025
0.447988
0.533424
0.199281
0.388171
0.345457
0.487099
0.218271
0.412459
0.654288
0.305219
0.252918
0.666359
0.305539
0.404438
0.0596256
0.337308
0.366654
0.148952
1.02025
0.0659946
0.310587
0.10152
0.367197
0.302287
0.537813
0.216173
0.414039
0.322874
0.596062
0.202384
0.0374767
0.477564
0.306537
0.126156
0.511976
0.232535
0.180021
0.139102
0.145912
0.253852
0.295596
0.418764
0.378581
0.697139
0.449782
0.195831
0.16422
0.523073
0.623644
0.350178
0.788329
0.228566
0.120121
0.249984
0.175302
0.163921
0.426403
0.311306
0.535268
0.240907
0.426886
0.747054
0.0733929
0.14694
0.301388
0.419381
0.116395
0.180339
0.416012
0.0477057
0.139844
0.414548
0.153434
0.142479
0.340373
0.313783
0.473351
0.271152
0.13201
0.506432
0.40004
0.141079
0.17889
0.10499
0.503442
0.204634
0.565921
0.0820035
0.258237
0.218218
0.810839
0.279531
0.62909
0.34055
0.226212
0.285279
0.0937299
0.250361
0.652477
0.229093
0.596877
0.187011
0.405665
0.124713
0.320765
0.103774
0.312018
0.0795495
0.643308
0.22228
0.162816
0.283736
0.239205
0.743105
0.295258
0.318831
0.173518
0.504236
0.291239
0.21697
0.435465
0.503279
0.16228
0.44115
0.200727
0.0747704
0.156007
0.478771
0.196754
0.256377
0.497044
0.53666
0.528966
0.266732
0.333019
0.402342
0.236111
0.333807
0.0871011
0.262663
0.213023
0.281476
0.200065
0.331309
0.422947
0.108557
0.127412
0.356063
0.045987
0.237097
0.220914
0.111545
0.221481
0.240539
0.324575
0.259869
0.365208
0.472251
0.310524
0.296703
0.305316
0.424545
0.197058
0.548707
0.538049
0.131165
0.0712588
0.566245
0.255898
0.538544
0.328783
0.162294
0.32097
0.137843
0.38752
0.235496
0.214746
0.113182
0.171918
0.660811
0.397463
0.390686
0.144926
0.422941
0.317476
0.190375
0.260628
0.173202
0.128927
0.015725
0.464114
0.197347
0.58362
0.159751
0.458629
0.0252778
0.427185
0.510856
0.0498578
0.164565
0.423618
0.928422
0.370064
0.190177
0.125386
0.0685397
0.2451
0.168241
0.512374
0.227093
0.56054
0.216397
0.190889
0.159354
0.336641
0.446419
0.270038
0.368712
0.338526
0.313778
0.0837391
0.42865
0.533171
0.441884
0.509799
0.191253
0.0584112
0.100927
0.551937
0.59318
0.357555
0.37819
0.427669
0.377412
0.23823
0.333
0.303058
0.326622
0.413541
0.222224
0.283604
0.289217
0.0828704
0.482179
0.323863
0.0604042
0.479169
0.248961
0.33681
0.369843
0.251128
0.292694
0.113274
0.269677
0.125049
0.0908616
0.10701
0.18943
0.3344
0.644755
0.345987
0.2577
0.651328
0.267848
0.481115
0.209127
0.253772
0.194041
0.341446
0.237914
0.259328
0.135414
0.245016
0.105004
0.323476
0.214976
0.281886
0.374523
0.0797327
0.655057
0.523835
0.329167
0.0751393
0.573541
0.47438
0.188983
0.0657046
0.415013
0.377306
0.286067
0.335069
0.327614
0.245869
0.349151
0.434158
0.364789
0.127935
0.483315
0.308899
0.32209
0.108652
0.1833
0.215983
0.331612
0.379785
0.258967
0.35951
0.262709
0.360789
0.369295
0.599288
0.4468
0.118001
0.121258
0.34947
0.179004
0.0632177
0.41682
0.680135
0.224517
0.305843
0.244943
0.501446
0.418873
0.208749
0.0522217
0.280238
0.177823
0.149962
0.328419
0.112317
0.108984
0.245491
0.35054
0.521768
0.221001
0.564603
0.156201
0.344337
0.354519
0.447764
0.0799609
0.190752
0.0507798
0.599391
0.610809
0.28998
0.22074
0.177573
0.661068
0.356816
0.0902875
0.126425
0.322509
0.322551
0.253721
0.54862
0.596841
0.264058
0.140126
0.510694
0.267551
0.308689
0.365561
0.293348
0.203649
0.0565351
0.404001
0.135066
0.506647
0.182958
0.159684
0.467311
0.0595491
0.214355
0.302223
0.397817
0.126753
0.126747
0.51097
0.315929
0.209926
0.182863
