#CONFIGURATION
#number of particles: 961
#seed:                49
#temperature:         1
#sigma:               1
#epsilon:             1
#normed distance:     1.12246
#r_cut:               1.12246
#dt:                  0.01
#box_width:           45.2352
#box height:          39.3703
#space_in_x:          0.7296
#space_in_y:          0.7296
#axial_ratio:         1
#integration method:  leapfrog integration
#lattice type:        triangular lattice
#boundary conditions: periodic boundaries
#lattice constant:    1.4592
#particle speed:      0.5
#nogui:               1
#runs:                0
#logname:             L13V05.txt
0.304693
0.0366205
0.557481
0.297125
0.265707
0.147904
0.825371
0.809732
0.208137
0.241001
0.565813
0.126028
0.329502
0.321116
0.29115
1.15118
0.515152
0.194156
0.617781
0.0639206
0.478319
1.24619
0.0529969
0.870152
0.537634
0.264098
1.22192
0.575887
0.192449
0.561141
0.279707
0.24835
0.407226
0.329255
0.355281
0.783163
0.573276
0.668861
0.274946
0.114876
0.546817
0.625002
0.180319
0.0312402
0.284452
0.447746
0.106028
0.24286
0.253887
0.547499
0.514767
0.445664
0.42541
0.511653
0.364906
0.183931
0.585576
0.445273
0.453445
0.394736
0.491508
0.602639
0.677355
0.233778
0.223893
0.525244
0.966057
0.387571
0.641908
0.0348336
0.925988
0.579105
0.498232
0.46598
0.551375
0.391935
0.71239
0.889365
0.552429
0.191518
0.279738
0.615161
0.348829
0.279185
0.207406
0.548609
0.392049
0.511528
0.253299
0.214848
0.285013
0.401877
0.36746
0.415265
0.562017
0.567364
0.0106266
0.240347
0.300087
0.220127
0.50748
0.511092
0.230503
0.743812
0.401921
0.546162
0.431636
0.876168
0.705991
0.149969
0.545308
0.524461
0.410921
0.417079
0.831419
0.657651
0.545983
0.104432
0.93161
0.679024
0.806001
0.19266
0.264047
0.341275
0.272648
0.803877
0.48673
0.612295
0.121819
0.408711
0.158168
0.694408
0.536766
0.699739
0.959233
0.43233
0.953248
0.293708
0.215594
0.499349
0.250801
0.349596
0.37929
0.318314
0.25493
0.295655
0.190986
0.467069
0.314748
0.699819
0.0742843
0.383561
0.226426
0.0800573
0.300738
0.47394
0.350061
0.0440655
0.400074
0.157907
1.22026
0.610129
0.329635
0.152357
0.420962
0.496284
0.368891
0.260996
0.0368694
0.513228
0.722411
0.697661
0.342622
0.072583
0.35051
0.0848714
0.540478
0.315277
0.876781
0.452223
0.20457
0.7749
0.200173
0.782804
0.438131
0.646692
0.151056
0.0693076
0.358857
0.327933
0.802821
1.12014
0.246184
0.533971
0.169226
0.276754
0.413277
0.641149
0.426257
0.233328
0.622575
0.0903495
1.1998
0.187763
0.0938886
0.648309
0.446346
0.320005
0.106788
0.418644
0.458248
0.465532
0.124611
0.372544
0.205293
0.418914
0.435463
0.184299
0.568533
0.138745
0.174464
0.256368
0.433741
0.58063
0.526331
0.182064
0.330643
0.54422
0.613009
0.490938
0.314425
1.06406
0.26065
0.279333
0.221975
0.318998
0.16469
0.249152
0.297114
0.390866
0.38345
0.518677
0.880509
0.346686
0.387652
0.499072
0.974835
0.341803
0.26656
0.39522
0.958399
0.249987
0.189685
0.820978
0.0704754
0.36035
0.430574
0.164074
1.06377
0.273053
0.180461
0.274353
0.272848
0.68071
0.10665
0.320332
0.357421
0.136689
0.16358
0.202172
0.242621
0.117522
0.373327
1.0322
0.286051
0.577808
0.508505
0.213198
0.578194
0.0190201
0.428244
0.595721
0.525095
0.220384
0.39011
0.0907
0.277686
0.402542
0.275515
0.368119
0.493101
0.162393
0.426666
0.585783
0.298118
0.26086
0.602667
0.944506
0.518894
0.237603
0.444242
0.0889885
0.279057
0.166049
0.0400003
0.50393
0.892765
0.332291
0.339242
0.383069
0.440978
0.365357
0.470531
0.217025
0.423312
0.826398
0.67987
0.351962
1.17333
0.480997
0.598626
0.513921
0.595228
0.511638
0.204813
0.700894
0.46841
0.273254
0.414408
0.0441462
0.557855
0.4628
0.29319
0.918989
0.519811
0.291426
0.472248
0.47367
0.285663
0.540069
0.577791
0.881725
0.493316
0.604739
0.300002
0.414854
0.3547
0.417636
0.319336
0.175778
0.479386
0.490494
0.298306
0.292957
0.201747
0.22674
0.210123
0.250808
0.288162
0.277708
0.583095
0.516813
0.345183
0.618015
0.45209
0.0736142
0.0848953
0.122943
0.369809
0.468322
0.492257
0.36897
0.544959
0.113731
0.469233
0.270945
0.319084
0.177324
0.351993
0.292379
0.536726
0.293504
0.586333
0.24699
0.290234
0.832062
0.0624935
0.331948
0.152221
0.951118
0.505849
0.446263
0.519558
0.223587
0.230777
0.118816
0.281396
0.318293
0.086164
0.409544
0.499809
0.398792
0.603993
0.287742
0.563669
0.250462
0.54425
0.534402
0.191838
0.38343
0.306526
0.527575
0.324991
0.234879
0.340741
0.224162
0.964735
0.208189
0.279069
0.258147
0.0751265
0.444236
0.155152
0.202348
0.279349
0.202128
0.313967
0.0880275
0.23867
0.164068
0.462613
1.33416
0.420013
0.568696
0.489188
0.893125
0.0865936
0.271363
0.21612
0.36235
0.232923
0.404739
0.572149
0.0866435
0.326959
0.556293
0.59247
0.072171
0.857968
0.406571
0.315641
0.11707
0.108923
0.199747
0.534432
0.559956
0.652878
0.793665
0.274437
0.192036
0.606466
0.445769
0.339863
0.310637
0.423334
0.601157
0.693499
0.290127
0.825937
0.545607
0.50125
0.162876
0.384028
0.364881
0.685446
0.73047
0.686212
0.431165
0.368803
0.282672
0.81513
0.189253
0.200394
0.239336
0.301665
0.385421
0.737003
0.509668
0.338757
0.527086
0.0764902
0.295212
0.471104
0.394422
0.265856
0.404448
0.732252
0.336468
0.760793
0.494687
0.33642
0.169006
0.586245
0.198701
0.561542
0.834037
0.882342
0.12072
0.616644
0.192897
0.293254
0.413843
0.427535
0.228283
0.100535
0.335659
0.61
0.325099
0.551725
0.512337
0.901483
0.370176
0.261806
0.11864
0.0912644
0.740731
0.892422
0.43738
0.236203
0.0998303
0.42866
0.182946
0.443509
0.138687
0.405249
0.285121
0.705454
0.127473
0.35971
0.452281
0.388953
0.592816
0.772132
0.0547108
0.458661
0.320213
0.584772
0.457426
0.310404
0.427036
0.5071
0.411762
0.625978
0.187839
0.376874
0.402356
0.594109
0.463456
0.116167
0.305917
0.500058
0.622565
0.793632
0.720841
0.34541
0.508129
0.648211
0.318484
0.534097
0.693806
0.708622
0.659606
0.60242
0.799859
0.324748
0.747539
0.797791
0.619852
0.26773
0.738495
0.533821
0.061721
0.24471
0.946131
0.0595494
0.087441
0.31086
0.306977
0.161634
0.570117
0.476883
0.316484
0.599452
0.0892212
0.320896
0.594568
0.200655
0.434858
0.562208
0.333418
0.158421
0.418557
0.246134
0.525384
0.160391
0.182014
0.338469
0.635491
0.4469
0.00640251
0.315424
0.32823
0.536555
0.39365
0.2844
0.121805
0.529071
0.364962
0.540556
0.144035
0.216443
0.363166
0.315016
0.175744
0.286354
0.633118
0.390493
0.269904
0.410871
0.466186
1.04582
0.618399
0.178068
0.445338
0.622835
0.28417
0.580833
0.153932
0.152711
0.696682
0.796822
0.474759
0.566793
0.46968
0.794185
0.245961
0.540863
0.23695
0.0912235
0.268629
0.314585
0.428561
0.368487
0.541266
0.521207
0.264186
0.553454
0.386014
0.586158
0.337949
0.600713
0.949997
0.474553
0.626857
0.130307
0.339103
0.147338
0.247625
0.163678
0.238098
0.651444
0.137028
0.750172
0.139075
0.132063
0.56349
0.766117
0.343595
0.313535
0.428787
0.138191
0.398892
0.122706
0.633777
0.277113
0.805437
0.356543
0.602418
0.247573
0.227357
0.437966
0.168064
0.266031
0.208871
0.267815
0.582159
0.215682
0.819599
1.00002
0.59264
0.567126
0.238766
0.558871
0.246633
0.617282
0.258995
0.374736
0.4121
0.206897
0.537662
0.607358
0.114514
0.738277
0.759246
0.156143
0.526315
0.282805
0.922498
0.123563
0.662316
0.420493
0.63889
0.564431
0.342984
0.285119
0.646388
0.219753
0.410522
0.234113
0.56103
0.67415
0.121537
0.810713
0.213954
0.578195
0.565639
0.167053
0.050207
0.293513
0.367106
0.0912862
0.432643
0.413694
0.30572
0.483144
0.695417
0.593033
0.719104
0.107273
0.665539
0.31063
0.262655
0.155608
0.316666
1.02543
0.761957
0.416573
0.381079
0.199098
0.337975
0.278386
0.233677
0.181849
0.0875317
0.436123
0.513009
0.403074
0.0730048
0.571413
0.600052
0.109278
0.328613
0.954547
0.526476
0.152591
0.6404
0.157376
0.329949
0.33413
0.869438
0.269249
0.455834
0.262053
0.716202
0.252518
0.237309
0.365899
0.535612
0.545205
0.223481
0.10856
0.145549
0.779438
0.153371
0.116236
0.549697
0.564161
0.324953
0.157669
0.584375
0.456389
0.365737
0.463466
0.476185
0.183025
0.485208
0.305509
0.188214
0.0242627
0.544292
1.07485
0.291865
0.440917
0.531964
0.89945
0.0548192
0.454356
0.557684
0.23891
0.160787
0.911061
0.333229
0.414245
0.393539
0.325939
0.440051
0.153713
0.554148
0.470795
0.086389
0.340349
0.0840288
0.55208
0.193539
0.57679
1.10819
0.205437
0.112562
0.366893
0.177467
0.560097
0.744438
0.622975
0.0980445
0.284772
0.187229
0.0131296
0.502398
0.245357
0.0975541
0.365966
0.282069
0.981513
0.367025
0.187428
0.696313
0.392778
0.363592
0.415406
0.516009
0.320931
0.678681
0.24828
0.424433
0.59941
0.215155
0.075306
0.459745
0.896957
0.385202
0.302364
0.476971
0.361224
0.30146
0.22189
0.268136
0.297751
0.300745
0.8231
0.230887
0.667368
0.518949
0.487229
0.405224
0.364644
0.473542
0.832213
0.271572
0.57885
0.410404
0.66814
0.215146
0.101544
0.478361
0.0202686
0.422744
0.182399
0.579519
0.225296
0.352383
0.581195
0.396946
0.49173
0.224303
0.463345
0.414193
0.734162
0.256548
0.142596
0.870895
0.543742
0.627415
0.375034
0.179855
0.46895
0.388968
0.1391
0.204402
0.290589
0.381096
0.162615
0.908402
0.301053
0.222553
0.639056
0.29196
0.758426
0.0908138
0.198155
0.240885
0.2305
0.440391
1.11302
0.604235
0.655555
0.745065
0.631959
0.464012
0.505221
0.43981
0.668091
0.110356
0.479097
0.619029
0.283579
0.803862
0.335764
0.420683
0.399057
0.532663
0.58156
0.199963
0.833095
0.440518
0.19706
0.275671
0.505661
0.488716
0.24887
0.353018
0.487158
