#CONFIGURATION
#number of particles: 961
#seed:                49
#temperature:         1
#sigma:               1
#epsilon:             1
#normed distance:     1.12246
#r_cut:               1.12246
#dt:                  0.01
#box_width:           48.7149
#box height:          42.3988
#space_in_x:          0.785723
#space_in_y:          0.785723
#axial_ratio:         1
#integration method:  leapfrog integration
#lattice type:        triangular lattice
#boundary conditions: periodic boundaries
#lattice constant:    1.57145
#particle speed:      0.5
#nogui:               1
#runs:                0
#logname:             L14V05.txt
0.0487149	0	-0
0.0974297	0	0
0.146145	0	0
0.194859	0	0
0.243574	0	0
0.292289	0	0
0.341004	0	0
0.389719	0	0
0.438434	0	0
0.487149	0	0
0.535863	0	0
0.584578	0	0
0.633293	0	0
0.682008	0	0
0.730723	0	0
0.779438	0	0
0.828152	0	0
0.876867	0	0
0.925582	0	0
0.974297	0	0
1.02301	0	0
1.07173	24	0.175599
1.12044	129	0.899947
1.16916	172	1.1466
1.21787	173	1.10419
1.26659	148	0.906069
1.3153	152	0.894065
1.36402	136	0.769766
1.41273	126	0.687233
1.46145	126	0.663119
1.51016	101	0.513529
1.55888	117	0.575376
1.60759	126	0.599965
1.6563	95	0.438436
1.70502	114	0.510418
1.75373	113	0.491276
1.80245	126	0.532363
1.85116	113	0.464356
1.89988	102	0.407976
1.94859	118	0.459713
1.99731	111	0.421494
2.04602	94	0.348128
2.09474	108	0.390339
2.14345	123	0.434092
2.19217	122	0.420665
2.24088	149	0.502218
2.2896	184	0.606558
2.33831	147	0.474166
2.38703	177	0.558915
2.43574	168	0.519557
2.48446	165	0.499971
2.53317	191	0.567294
2.58189	195	0.567928
2.6306	196	0.559967
2.67932	204	0.571929
2.72803	223	0.613726
2.77675	181	0.489161
2.82546	190	0.504395
2.87418	160	0.417367
2.92289	223	0.571761
2.97161	193	0.486526
3.02032	204	0.505756
3.06904	207	0.504849
3.11775	202	0.484772
3.16647	230	0.543275
3.21518	211	0.490669
3.2639	220	0.503787
3.31261	214	0.482679
3.36132	217	0.482194
3.41004	262	0.573689
3.45875	214	0.461844
3.50747	246	0.523374
3.55618	215	0.451023
3.6049	252	0.521349
3.65361	243	0.495889
3.70233	250	0.503326
3.75104	257	0.510566
3.79976	234	0.458797
3.84847	271	0.524485
3.89719	284	0.542643
3.9459	251	0.473557
3.99462	291	0.542204
4.04333	315	0.579721
4.09205	264	0.479972
4.14076	281	0.504761
4.18948	280	0.497012
4.23819	312	0.547336
4.28691	276	0.478585
4.33562	285	0.488543
4.38434	256	0.433873
4.43305	311	0.521199
4.48177	326	0.5403
4.53048	290	0.475382
4.5792	295	0.47835
4.62791	343	0.550235
4.67663	325	0.515843
4.72534	343	0.538712
4.77406	313	0.4865
4.82277	326	0.501509
4.87149	316	0.48119
4.9202	337	0.508011
4.96891	340	0.507433
5.01763	360	0.531989
5.06634	370	0.541432
5.11506	314	0.455046
5.16377	364	0.522458
5.21249	356	0.506132
5.2612	332	0.467578
5.30992	362	0.505087
5.35863	366	0.505961
5.40735	370	0.50682
5.45606	362	0.491374
5.50478	369	0.496384
5.55349	377	0.502637
5.60221	385	0.508781
5.65092	378	0.495168
5.69964	404	0.524645
5.74835	415	0.534304
5.79707	412	0.525927
5.84578	387	0.489845
5.8945	448	0.56231
5.94321	370	0.460554
5.99193	431	0.532068
6.04064	430	0.5265
6.08936	382	0.46394
6.13807	433	0.521656
6.18679	417	0.498377
6.2355	415	0.492066
6.28422	425	0.499971
6.33293	441	0.514756
6.38165	437	0.506148
6.43036	417	0.479282
6.47908	414	0.472216
6.52779	410	0.464124
6.57651	438	0.492106
6.62522	458	0.510751
6.67393	464	0.513623
6.72265	440	0.483488
6.77136	478	0.521424
6.82008	464	0.502498
6.86879	518	0.556957
6.91751	485	0.517763
6.96622	476	0.504564
7.01494	498	0.52418
7.06365	495	0.517391
7.11237	493	0.511735
7.16108	449	0.46286
7.2098	521	0.533416
7.25851	500	0.508445
7.30723	533	0.538352
7.35594	499	0.50064
7.40466	481	0.479374
7.45337	516	0.510861
7.50209	469	0.461285
7.5508	482	0.470982
7.59952	541	0.525212
7.64823	550	0.530516
7.69695	527	0.505082
7.74566	534	0.508542
7.79438	488	0.461803
7.84309	559	0.525675
7.89181	550	0.513989
7.94052	522	0.484801
7.98924	536	0.49474
8.03795	533	0.488962
8.08667	576	0.525197
8.13538	571	0.517492
8.1841	531	0.47835
8.23281	546	0.488927
8.28152	556	0.494927
8.33024	612	0.541561
8.37895	545	0.479444
8.42767	569	0.497639
8.47638	575	0.499971
8.5251	607	0.524753
8.57381	602	0.517448
8.62253	590	0.504244
8.67124	573	0.48694
8.71996	583	0.492647
8.76867	633	0.531902
8.81739	589	0.492172
8.8661	619	0.514374
8.91482	627	0.518152
8.96353	602	0.494766
9.01225	628	0.513321
9.06096	601	0.488589
9.10968	626	0.50617
9.15839	600	0.482546
9.20711	616	0.492771
9.25582	587	0.467081
9.30454	643	0.508941
9.35325	645	0.507844
9.40197	649	0.508325
9.45068	641	0.499451
9.4994	638	0.494545
9.54811	665	0.512823
9.59683	673	0.516338
9.64554	700	0.53432
9.69426	632	0.479972
9.74297	649	0.4904
9.79169	728	0.547336
9.8404	685	0.512439
9.88912	637	0.474166
9.93783	661	0.489601
9.98654	681	0.501936
10.0353	690	0.506083
10.084	715	0.521867
10.1327	679	0.493192
10.1814	682	0.492983
10.2301	743	0.534501
10.2788	656	0.469662
10.3275	678	0.483107
10.3763	668	0.473731
10.425	684	0.482795
10.4737	720	0.505825
10.5224	705	0.492978
10.5711	698	0.485818
10.6198	771	0.534149
10.6686	776	0.535141
10.7173	756	0.518963
10.766	733	0.500882
10.8147	702	0.477523
10.8634	761	0.51532
10.9121	769	0.518397
10.9608	764	0.512722
11.0096	763	0.50977
11.0583	728	0.484229
11.107	749	0.495997
11.1557	781	0.514915
11.2044	789	0.517913
11.2531	728	0.475789
11.3018	787	0.512118
11.3506	791	0.512497
11.3993	772	0.498035
11.448	729	0.468281
11.4967	832	0.532165
11.5454	821	0.522899
11.5941	745	0.472488
11.6428	838	0.529232
11.6916	850	0.53456
11.7403	805	0.504146
11.789	809	0.504544
11.8377	756	0.469538
11.8864	807	0.499146
11.9351	809	0.498328
11.9839	792	0.485861
12.0326	808	0.493658
12.0813	869	0.528772
12.13	823	0.498759
12.1787	854	0.515463
12.2274	805	0.48394
12.2761	837	0.501168
12.3249	811	0.48367
12.3736	828	0.491852
12.4223	837	0.495237
12.471	854	0.50331
12.5197	867	0.508972
12.5684	843	0.492954
12.6171	907	0.528319
12.6659	894	0.518732
12.7146	887	0.512687
12.7633	873	0.502658
12.812	802	0.460011
12.8607	927	0.529683
12.9094	900	0.512304
12.9582	851	0.48258
13.0069	931	0.525958
13.0556	937	0.527361
13.1043	882	0.494551
13.153	933	0.521199
13.2017	858	0.477523
13.2504	859	0.476312
13.2992	841	0.464614
13.3479	922	0.507493
13.3966	917	0.502896
13.4453	951	0.519642
13.494	886	0.482367
13.5427	932	0.505576
13.5914	951	0.514024
13.6402	943	0.50787
13.6889	906	0.486197
13.7376	975	0.52136
13.7863	912	0.48594
13.835	956	0.507581
13.8837	930	0.492035
13.9324	951	0.501377
13.9812	979	0.514331
14.0299	992	0.519341
14.0786	969	0.505536
14.1273	919	0.477788
14.176	1009	0.522767
14.2247	944	0.487407
14.2735	983	0.505802
14.3222	968	0.496381
14.3709	981	0.501334
14.4196	954	0.48588
14.4683	976	0.495403
14.517	986	0.49879
14.5657	993	0.500643
14.6145	1011	0.508011
14.6632	975	0.488285
14.7119	1022	0.51012
14.7606	1042	0.518378
14.8093	997	0.494351
14.858	981	0.484815
14.9067	1065	0.5246
14.9555	995	0.488515
15.0042	987	0.483006
15.0529	1062	0.518019
15.1016	1065	0.517798
15.1503	1098	0.532118
15.199	1040	0.502386
15.2477	1036	0.498847
15.2965	1068	0.51261
15.3452	1032	0.493751
15.3939	973	0.464043
15.4426	1051	0.499654
15.4913	1105	0.523666
15.54	1047	0.494617
15.5888	1055	0.496831
15.6375	1075	0.504665
15.6862	1040	0.486711
15.7349	1077	0.502459
15.7836	1076	0.500436
15.8323	1106	0.512798
15.881	1096	0.506596
15.9298	1039	0.478774
15.9785	1123	0.515896
16.0272	1092	0.500123
16.0759	1106	0.504993
16.1246	1088	0.495267
16.1733	1102	0.500122
16.222	1113	0.50359
16.2708	1105	0.498467
16.3195	1133	0.509565
16.3682	1083	0.485622
16.4169	1149	0.513681
16.4656	1108	0.493879
16.5143	1151	0.511526
16.563	1104	0.489189
16.6118	1181	0.521766
16.6605	1111	0.489399
16.7092	1145	0.502899
16.7579	1146	0.501868
16.8066	1135	0.495604
16.8553	1160	0.50505
16.9041	1135	0.492735
16.9528	1185	0.512957
17.0015	1176	0.507596
17.0502	1140	0.490646
17.0989	1145	0.491388
17.1476	1164	0.498116
17.1963	1203	0.513341
17.2451	1170	0.497843
17.2938	1211	0.513831
17.3425	1162	0.49165
17.3912	1159	0.489001
17.4399	1272	0.535172
17.4886	1200	0.503467
17.5373	1205	0.504155
17.5861	1205	0.502752
17.6348	1233	0.513007
17.6835	1220	0.506194
17.7322	1212	0.501488
17.7809	1151	0.474938
17.8296	1192	0.490506
17.8784	1218	0.499834
17.9271	1243	0.508702
17.9758	1212	0.494665
18.0245	1229	0.500242
18.0732	1196	0.485493
18.1219	1221	0.494303
18.1706	1208	0.487724
18.2194	1249	0.502924
18.2681	1297	0.520853
18.3168	1264	0.506245
18.3655	1230	0.491316
18.4142	1304	0.519492
18.4629	1284	0.510169
18.5116	1228	0.486629
18.5604	1248	0.493252
18.6091	1304	0.51403
18.6578	1285	0.505213
18.7065	1296	0.508206
18.7552	1313	0.513529
18.8039	1262	0.492299
18.8526	1242	0.48324
18.9014	1338	0.519245
18.9501	1296	0.501648
18.9988	1305	0.503832
19.0475	1260	0.485209
19.0962	1260	0.483967
19.1449	1297	0.496906
19.1937	1309	0.500226
19.2424	1330	0.506959
19.2911	1305	0.496169
19.3398	1306	0.495293
19.3885	1376	0.520524
19.4372	1282	0.483745
19.4859	1314	0.494576
19.5347	1389	0.521496
19.5834	1399	0.523939
19.6321	1319	0.492748
19.6808	1402	0.522454
19.7295	1331	0.494767
19.7782	1395	0.517275
19.8269	1315	0.486408
19.8757	1344	0.495912
19.9244	1310	0.48218
19.9731	1361	0.499726
20.0218	1383	0.506564
20.0705	1359	0.496561
20.1192	1337	0.487335
20.1679	1324	0.481426
20.2167	1370	0.496948
20.2654	1423	0.514928
20.3141	1389	0.501415
20.3628	1409	0.507413
20.4115	1457	0.523442
20.4602	1383	0.49567
20.509	1393	0.498064
20.5577	1447	0.516141
20.6064	1438	0.511714
20.6551	1414	0.501982
20.7038	1375	0.486985
20.7525	1453	0.513398
20.8012	1453	0.512191
20.85	1432	0.503605
20.8987	1389	0.48734
20.9474	1442	0.504755
20.9961	1407	0.491357
21.0448	1366	0.47593
21.0935	1414	0.491512
21.1422	1462	0.507022
21.191	1393	0.481979
21.2397	1417	0.489154
21.2884	1344	0.462889
21.3371	1373	0.471794
21.3858	1339	0.459059
21.4345	1384	0.473404
21.4833	1334	0.455263
21.532	1379	0.469553
21.5807	1331	0.452182
21.6294	1287	0.436246
21.6781	1303	0.440673
21.7268	1317	0.444406
21.7755	1211	0.40772
21.8243	1249	0.419572
21.873	1307	0.438075
21.9217	1334	0.446128
21.9704	1250	0.417106
22.0191	1259	0.419176
22.0678	1229	0.408282
22.1165	1199	0.397435
22.1653	1199	0.396559
22.214	1202	0.396676
22.2627	1225	0.403379
22.3114	1200	0.394281
22.3601	1260	0.413091
22.4088	1207	0.394852
22.4575	1183	0.386158
22.5063	1188	0.386948
22.555	1205	0.391635
22.6037	1173	0.38041
22.6524	1254	0.405802
22.7011	1197	0.386522
22.7498	1228	0.39568
22.7986	1174	0.37747
22.8473	1228	0.393988
22.896	1183	0.37874
22.9447	1201	0.383684
22.9934	1102	0.351308
23.0421	1183	0.37633
23.0908	1204	0.3822
23.1396	1164	0.368722
23.1883	1142	0.36099
23.237	1189	0.375057
23.2857	1143	0.35979
23.3344	1134	0.35621
23.3831	1147	0.35954
23.4318	1152	0.360354
23.4806	1127	0.3518
23.5293	1151	0.358546
23.578	1134	0.352518
23.6267	1180	0.366059
23.6754	1183	0.366232
23.7241	1154	0.356519
23.7728	1159	0.357328
23.8216	1113	0.342442
23.8703	1135	0.348495
23.919	1153	0.353299
23.9677	1117	0.34157
24.0164	1184	0.361322
24.0651	1117	0.340183
24.1139	1153	0.350435
24.1626	1115	0.338201
24.2113	1093	0.330859
24.26	1135	0.34288
24.3087	1100	0.331639
24.3574	1111	0.334283
