#CONFIGURATION
#number of particles: 961
#seed:                49
#temperature:         1
#sigma:               1
#epsilon:             1
#normed distance:     1.12246
#r_cut:               1.12246
#dt:                  0.01
#box_width:           41.7556
#box height:          36.3419
#space_in_x:          0.673477
#space_in_y:          0.673477
#axial_ratio:         1
#integration method:  leapfrog integration
#lattice type:        triangular lattice
#boundary conditions: periodic boundaries
#lattice constant:    1.34695
#particle speed:      0.5
#nogui:               1
#runs:                0
#logname:             L12V05.txt
0.0417556	0	-0
0.0835112	0	0
0.125267	0	0
0.167022	0	0
0.208778	0	0
0.250534	0	0
0.292289	0	0
0.334045	0	0
0.3758	0	0
0.417556	0	0
0.459311	0	0
0.501067	0	0
0.542823	0	0
0.584578	0	0
0.626334	0	0
0.668089	0	0
0.709845	0	0
0.751601	0	0
0.793356	0	0
0.835112	0	0
0.876867	0	0
0.918623	0	0
0.960379	0	0
1.00213	0	0
1.04389	8	0.0510608
1.08565	101	0.618331
1.1274	312	1.83519
1.16916	265	1.49991
1.21091	253	1.37992
1.25267	195	1.02626
1.29442	194	0.986383
1.33618	183	0.899947
1.37793	154	0.73329
1.41969	124	0.572274
1.46145	115	0.514895
1.5032	106	0.460843
1.54496	109	0.460536
1.58671	123	0.50545
1.62847	80	0.319981
1.67022	96	0.374004
1.71198	73	0.277199
1.75373	95	0.351831
1.79549	92	0.332511
1.83725	89	0.314099
1.879	96	0.331015
1.92076	106	0.357282
1.96251	92	0.303279
2.00427	96	0.309659
2.04602	117	0.369452
2.08778	128	0.395853
2.12953	157	0.47573
2.17129	184	0.546503
2.21305	209	0.608702
2.2548	262	0.748528
2.29656	276	0.773787
2.33831	254	0.699042
2.38007	240	0.648611
2.42182	269	0.714118
2.46358	221	0.576488
2.50534	220	0.56407
2.54709	224	0.564673
2.58885	222	0.550381
2.6306	216	0.526798
2.67236	193	0.463173
2.71411	193	0.455879
2.75587	205	0.476716
2.79762	182	0.41677
2.83938	186	0.419524
2.88114	212	0.471084
2.92289	202	0.44231
2.96465	216	0.46616
3.0064	203	0.43189
3.04816	180	0.3776
3.08991	230	0.475834
3.13167	234	0.477523
3.17342	228	0.459034
3.21518	239	0.474807
3.25694	248	0.486246
3.29869	309	0.59803
3.34045	274	0.523536
3.3822	310	0.584871
3.42396	294	0.547794
3.46571	334	0.614688
3.50747	308	0.559967
3.54922	287	0.515539
3.59098	301	0.534288
3.63274	352	0.617508
3.67449	289	0.501127
3.71625	305	0.522827
3.758	297	0.50336
3.79976	300	0.502764
3.84151	260	0.430914
3.88327	308	0.504889
3.92503	303	0.491323
3.96678	327	0.524568
4.00854	311	0.493622
4.05029	287	0.450759
4.09205	283	0.439871
4.1338	312	0.479972
4.17556	306	0.465963
4.21731	342	0.515548
4.25907	294	0.43878
4.30083	327	0.483223
4.34258	338	0.494605
4.38434	344	0.498522
4.42609	364	0.522458
4.46785	374	0.531722
4.5096	374	0.52673
4.55136	375	0.523225
4.59311	384	0.530845
4.63487	397	0.543804
4.67663	397	0.538883
4.71838	416	0.559609
4.76014	407	0.542635
4.80189	365	0.482351
4.84365	377	0.493858
4.8854	387	0.502568
4.92716	372	0.478942
4.96891	375	0.478695
5.01067	409	0.517691
5.05243	427	0.535952
5.09418	385	0.479225
5.13594	374	0.461701
5.17769	388	0.475074
5.21945	410	0.497947
5.2612	403	0.485514
5.30296	435	0.51989
5.34472	421	0.49918
5.38647	403	0.47409
5.42823	458	0.534599
5.46998	405	0.469085
5.51174	443	0.509166
5.55349	443	0.505294
5.59525	451	0.510536
5.637	440	0.494353
5.67876	464	0.517442
5.72052	440	0.487056
5.76227	514	0.564802
5.80403	503	0.548695
5.84578	467	0.505747
5.88754	493	0.530077
5.92929	485	0.517763
5.97105	490	0.519404
6.0128	475	0.499971
6.05456	482	0.503803
6.09632	451	0.468139
6.13807	467	0.481415
6.17983	459	0.469938
6.22158	486	0.494208
6.26334	510	0.515121
6.30509	480	0.481577
6.34685	501	0.499306
6.3886	489	0.48413
6.43036	500	0.491775
6.47212	492	0.480754
6.51387	527	0.511621
6.55563	513	0.494826
6.59738	526	0.504124
6.63914	508	0.483781
6.68089	546	0.516689
6.72265	578	0.543542
6.76441	534	0.499036
6.80616	517	0.480158
6.84792	548	0.505817
6.88967	607	0.556848
6.93143	572	0.52155
6.97318	581	0.526555
7.01494	564	0.508078
7.05669	593	0.531014
7.09845	552	0.491366
7.14021	565	0.499971
7.18196	586	0.515512
7.22372	580	0.507259
7.26547	575	0.499971
7.30723	562	0.485851
7.34898	608	0.522606
7.39074	607	0.518773
7.43249	570	0.484391
7.47425	527	0.445326
7.51601	556	0.4672
7.55776	564	0.471282
7.59952	601	0.499417
7.64127	568	0.469394
7.68303	602	0.494766
7.72478	626	0.511687
7.76654	618	0.50241
7.80829	641	0.518299
7.85005	635	0.510694
7.89181	681	0.544768
7.93356	652	0.518803
7.97532	653	0.516856
8.01707	636	0.500758
8.05883	688	0.538872
8.10058	647	0.504126
8.14234	640	0.496095
8.1841	628	0.48429
8.22585	677	0.519407
8.26761	641	0.489284
8.30936	648	0.492123
8.35112	712	0.538004
8.39287	653	0.490949
8.43463	677	0.506454
8.47638	666	0.495753
8.51814	700	0.518488
8.5599	681	0.501936
8.60165	691	0.506816
8.64341	637	0.464936
8.68516	693	0.50336
8.72692	668	0.482863
8.76867	652	0.469037
8.81043	677	0.484697
8.85218	692	0.493083
8.89394	721	0.511318
8.9357	689	0.486325
8.97745	748	0.525496
9.01921	777	0.543325
9.06096	721	0.501827
9.10272	735	0.509208
9.14447	771	0.531693
9.18623	690	0.473657
9.22798	754	0.515232
9.26974	777	0.528541
9.3115	725	0.490942
9.35325	780	0.525812
9.39501	721	0.483864
9.43676	813	0.543175
9.47852	719	0.478243
9.52027	765	0.506593
9.56203	762	0.502388
9.60379	728	0.477871
9.64554	760	0.496703
9.6873	759	0.493897
9.72905	749	0.485285
9.77081	786	0.507067
9.81256	732	0.470208
9.85432	801	0.512337
9.89607	780	0.496786
9.93783	803	0.509273
9.97959	775	0.489445
10.0213	814	0.51192
10.0631	802	0.502267
10.1049	822	0.512652
10.1466	777	0.48258
10.1884	778	0.481209
10.2301	812	0.500176
10.2719	866	0.531257
10.3136	860	0.525428
10.3554	844	0.51356
10.3971	820	0.496941
10.4389	826	0.498562
10.4807	838	0.503778
10.5224	874	0.523323
10.5642	863	0.514682
10.6059	891	0.529276
10.6477	827	0.489321
10.6894	870	0.51274
10.7312	831	0.487838
10.7729	820	0.479504
10.8147	829	0.482884
10.8565	829	0.481016
10.8982	874	0.505173
10.94	904	0.520507
10.9817	876	0.502456
11.0235	846	0.4834
11.0652	866	0.49295
11.107	882	0.50016
11.1487	862	0.486977
11.1905	890	0.500909
11.2323	887	0.497354
11.274	907	0.506674
11.3158	908	0.505351
11.3575	897	0.497383
11.3993	911	0.503286
11.441	947	0.521254
11.4828	954	0.523187
11.5245	894	0.488496
11.5663	985	0.536266
11.6081	906	0.491472
11.6498	935	0.505376
11.6916	941	0.506793
11.7333	933	0.500686
11.7751	935	0.499971
11.8168	912	0.48594
11.8586	947	0.502802
11.9003	946	0.5005
11.9421	954	0.502958
11.9839	901	0.473352
12.0256	1000	0.52353
12.0674	963	0.502405
12.1091	1024	0.532378
12.1509	975	0.505152
12.1926	895	0.462107
12.2344	926	0.476473
12.2761	1045	0.535866
12.3179	994	0.507977
12.3597	899	0.457868
12.4014	983	0.498956
12.4432	988	0.499802
12.4849	988	0.498122
12.5267	1049	0.527105
12.5684	1031	0.51633
12.6102	1040	0.519104
12.6519	1037	0.51589
12.6937	1020	0.505756
12.7355	994	0.49124
12.7772	990	0.487656
12.819	980	0.48115
12.8607	1026	0.502091
12.9025	1094	0.533627
12.9442	1016	0.493974
12.986	979	0.474447
13.0277	999	0.48258
13.0695	1103	0.531109
13.1113	1040	0.499171
13.153	1071	0.51241
13.1948	1055	0.50315
13.2365	1044	0.496326
13.2783	1026	0.486228
13.32	1038	0.490365
13.3618	1052	0.495418
13.4035	1105	0.518749
13.4453	1079	0.504963
13.4871	1048	0.488929
13.5288	1072	0.498576
13.5706	1096	0.508162
13.6123	1116	0.51584
13.6541	1068	0.492137
13.6958	1101	0.50579
13.7376	1114	0.510199
13.7793	1109	0.506363
13.8211	1149	0.523035
13.8629	1077	0.488776
13.9046	1133	0.51264
13.9464	1111	0.501174
13.9881	1093	0.491575
14.0299	1082	0.485173
14.0716	1123	0.502057
14.1134	1091	0.486301
14.1551	1087	0.483083
14.1969	1165	0.516218
14.2387	1198	0.529277
14.2804	1123	0.494685
14.3222	1093	0.48006
14.3639	1115	0.488293
14.4057	1188	0.518747
14.4474	1103	0.480233
14.4892	1172	0.508798
14.5309	1096	0.474431
14.5727	1179	0.508891
14.6145	1179	0.507431
14.6562	1211	0.519712
14.698	1200	0.513522
14.7397	1203	0.513341
14.7815	1141	0.485504
14.8232	1189	0.504497
14.865	1221	0.516613
14.9067	1200	0.5063
14.9485	1202	0.505721
14.9903	1221	0.512278
15.032	1193	0.499134
15.0738	1207	0.503587
15.1155	1173	0.488044
15.1573	1202	0.498726
15.199	1255	0.51928
15.2408	1157	0.477414
15.2825	1236	0.508612
15.3243	1179	0.483829
15.3661	1204	0.492741
15.4078	1298	0.529765
15.4496	1257	0.511639
15.4913	1189	0.482651
15.5331	1199	0.485397
15.5748	1232	0.497414
15.6166	1253	0.504534
15.6583	1244	0.499569
15.7001	1233	0.49383
15.7419	1234	0.492914
15.7836	1252	0.498776
15.8254	1244	0.494276
15.8671	1195	0.473552
15.9089	1339	0.529218
15.9506	1310	0.516396
15.9924	1213	0.476905
16.0341	1286	0.504284
16.0759	1327	0.519005
16.1177	1406	0.548472
16.1594	1295	0.503862
16.2012	1236	0.479661
16.2429	1305	0.505132
16.2847	1249	0.482211
16.3264	1363	0.524873
16.3682	1298	0.498562
16.4099	1348	0.516445
16.4517	1262	0.482265
16.4935	1350	0.514582
16.5352	1303	0.495408
16.577	1267	0.480503
16.6187	1327	0.501988
16.6605	1305	0.492424
16.7022	1321	0.497211
16.744	1342	0.50385
16.7857	1363	0.510457
16.8275	1364	0.509559
16.8693	1305	0.486307
16.911	1309	0.486589
16.9528	1413	0.52395
16.9945	1322	0.488997
17.0363	1342	0.495174
17.078	1332	0.490278
17.1198	1330	0.488344
17.1615	1464	0.536232
17.2033	1413	0.516291
17.2451	1368	0.498634
17.2868	1318	0.479245
17.3286	1412	0.512183
17.3703	1352	0.489236
17.4121	1460	0.527045
17.4538	1428	0.514256
17.4956	1416	0.508713
17.5373	1370	0.491011
17.5791	1382	0.494131
17.6209	1373	0.489745
17.6626	1326	0.471859
17.7044	1412	0.501272
17.7461	1414	0.500797
17.7879	1422	0.502444
17.8296	1381	0.486811
17.8714	1427	0.501846
17.9131	1474	0.517163
17.9549	1496	0.523657
17.9967	1420	0.495897
18.0384	1548	0.539341
18.0802	1479	0.514107
18.1219	1456	0.504942
18.1637	1391	0.481287
18.2054	1433	0.494678
18.2472	1347	0.463922
18.2889	1345	0.462172
18.3307	1324	0.453916
18.3725	1311	0.448434
18.4142	1397	0.476764
18.456	1335	0.45457
18.4977	1250	0.424664
18.5395	1291	0.437602
18.5812	1331	0.450143
18.623	1279	0.431583
18.6647	1239	0.417147
18.7065	1247	0.4189
18.7483	1281	0.42936
18.79	1233	0.41235
18.8318	1160	0.387074
18.8735	1201	0.399866
18.9153	1263	0.419577
18.957	1234	0.409037
18.9988	1211	0.400528
19.0405	1254	0.413837
19.0823	1219	0.401404
19.1241	1227	0.403153
19.1658	1305	0.427844
19.2076	1247	0.407937
19.2493	1274	0.415863
19.2911	1221	0.397697
19.3328	1188	0.38611
19.3746	1187	0.38495
19.4163	1144	0.370205
19.4581	1164	0.375866
19.4999	1191	0.383758
19.5416	1206	0.387759
19.5834	1274	0.408746
19.6251	1196	0.382902
19.6669	1156	0.369307
19.7086	1195	0.380955
19.7504	1166	0.370922
19.7921	1147	0.364106
19.8339	1191	0.377275
19.8757	1102	0.348346
19.9174	1101	0.347298
19.9592	1189	0.37427
20.0009	1103	0.346472
20.0427	1151	0.360794
20.0844	1164	0.364108
20.1262	1141	0.356171
20.1679	1159	0.361038
20.2097	1066	0.33138
20.2515	1151	0.357063
20.2932	1174	0.363446
20.335	1194	0.368876
20.3767	1186	0.365652
20.4185	1150	0.353825
20.4602	1166	0.358014
20.502	1132	0.346864
20.5437	1118	0.341876
20.5855	1172	0.35766
20.6273	1124	0.342315
20.669	1135	0.344965
20.7108	1139	0.34548
20.7525	1164	0.352351
20.7943	1132	0.341974
20.836	1058	0.318976
20.8778	1162	0.349629
