#CONFIGURATION
#number of particles: 961
#seed:                49
#temperature:         1
#sigma:               1
#epsilon:             1
#normed distance:     1.12246
#r_cut:               1.12246
#dt:                  0.01
#box_width:           41.7556
#box height:          36.3419
#space_in_x:          0.673477
#space_in_y:          0.673477
#axial_ratio:         1
#integration method:  leapfrog integration
#lattice type:        triangular lattice
#boundary conditions: periodic boundaries
#lattice constant:    1.34695
#particle speed:      0.5
#nogui:               1
#runs:                0
#logname:             L12V05.txt
0.512295
0.142835
0.337515
0.627456
0.495531
0.437968
0.421124
0.628021
0.765681
0.384473
0.265144
0.328561
0.599393
0.34753
0.646956
0.380191
0.589066
0.457335
0.673798
0.579249
0.265227
0.217442
0.666125
0.430079
0.0407184
0.487575
0.250033
0.550503
0.365989
0.442965
0.234658
0.667718
0.412768
0.218185
0.141241
0.516319
0.495823
1.05375
0.50784
0.805862
0.593509
0.420348
0.157368
0.376787
0.729036
0.550166
0.322632
0.146465
0.138852
0.275543
0.655076
0.325332
0.140566
0.25808
0.416796
0.38689
0.394677
0.165474
0.541397
0.595358
0.132337
0.680689
0.0887104
0.275277
0.14006
0.419248
0.559027
0.428125
0.321158
0.567981
0.427367
0.114419
0.102386
0.709185
0.375465
0.424757
0.381058
0.429354
0.644783
0.245654
0.293704
0.187536
0.103485
0.222079
0.209794
0.685206
0.404285
0.0698801
0.507499
0.45891
0.117794
0.420793
0.348544
0.553313
0.449799
0.721644
0.411402
0.74074
0.147063
0.390944
0.480612
0.720007
0.964004
0.362223
0.311004
0.699638
0.670682
0.374308
0.678791
0.450256
0.25391
0.445578
0.478252
0.608358
0.39431
0.212322
0.302314
0.595568
0.193254
0.215092
0.172337
0.397655
0.312121
0.564262
0.504022
0.325824
0.515372
0.303305
0.645258
0.0797995
0.886286
0.346328
0.298089
0.660145
0.817805
0.614263
0.605858
0.761549
0.715925
0.193883
0.158137
0.383067
0.343163
0.407135
0.248247
0.335041
0.392409
0.138559
0.269418
0.275492
0.476473
0.342053
0.288058
0.333193
0.306068
0.256981
0.589227
0.127749
0.586946
0.346492
0.194095
0.578308
0.456919
0.617974
0.681668
0.392351
0.266343
0.286636
0.610832
0.425388
0.536115
0.529842
0.220865
0.067694
0.244227
0.700212
0.271092
0.736074
0.446286
0.757563
0.578082
0.21985
0.509926
0.304813
0.378205
0.235075
0.295756
0.322852
0.254571
0.361001
0.783471
0.40022
0.233152
0.376932
0.456122
0.336787
0.479973
0.362068
0.52261
0.434436
0.556612
0.167432
0.156039
0.388507
0.459985
0.16295
0.296759
0.222009
0.34712
0.200826
0.42056
0.0551783
0.58196
0.156538
0.394073
0.752282
0.233862
0.96203
0.402302
0.808441
0.351781
0.336984
0.722639
0.392287
0.276646
0.720258
0.29847
0.360034
0.324918
0.150118
0.735514
0.427807
0.135129
0.368256
0.333986
0.525956
0.139703
0.327033
0.184112
0.239217
0.507748
0.436788
0.655793
0.0525947
0.379496
0.381713
0.405225
0.318898
0.575601
0.227417
0.386774
0.289784
0.585245
0.23694
0.175845
0.414435
0.37964
0.0863728
0.202785
0.387348
0.634962
0.0703977
0.28594
0.265313
0.722441
0.396519
0.502074
0.239165
0.396116
0.230169
0.768339
0.137525
0.741488
0.851035
0.603339
0.516969
0.450823
0.110883
0.60249
0.72844
0.125234
0.662258
0.306669
0.250645
0.297346
0.559466
0.49466
0.3121
0.37444
0.796089
0.644251
0.458173
0.692308
0.196327
0.096032
0.0603695
0.287269
0.207403
0.0383067
0.431113
0.580494
0.692144
0.106103
0.585157
0.567726
0.648952
0.403561
0.336753
0.640243
0.883264
0.48087
0.289248
0.506883
0.32762
0.458516
0.838825
0.269829
0.2126
0.48118
0.357604
0.576297
0.695989
0.498908
0.617042
0.130871
0.426366
0.529972
0.504717
0.535974
0.358068
0.323431
0.570581
0.408539
0.204104
0.20545
0.679484
0.109999
0.289258
0.482362
0.280885
0.587936
0.338425
0.133505
0.391874
0.279309
0.193467
0.0522868
0.27007
0.0383382
0.123444
0.555483
0.162761
0.294662
0.581482
0.134877
0.614895
0.276494
0.402996
0.198527
0.223812
0.376402
0.220343
0.590472
0.378698
0.42426
0.175549
0.365028
0.546234
0.102086
0.181332
0.298526
0.541044
0.366926
0.453061
0.227007
0.343013
0.689483
0.144618
0.426489
0.186708
0.345327
0.31256
0.805796
0.407041
0.744091
0.115377
0.514932
0.246519
0.582445
0.118652
0.387482
0.501627
0.309088
0.55019
0.369904
0.545144
0.44053
0.693965
0.376819
0.304431
0.659043
0.541278
0.16712
0.511058
0.328662
0.249774
0.0973924
0.503357
0.148156
0.122749
0.803425
0.274734
0.463296
0.431516
0.343642
0.231434
0.281607
0.245222
0.288217
0.958918
0.207165
0.0639861
0.517127
0.292507
0.136004
0.426982
0.576459
0.906914
0.619089
0.409888
0.112015
0.580934
0.120576
0.706257
0.268373
0.539531
0.591565
0.444903
0.363001
0.648351
0.656962
0.439561
0.153886
0.398189
0.208321
0.476359
0.117069
0.34131
0.416768
0.500483
0.302216
0.538627
1.04481
0.0219043
0.234715
0.248759
0.447128
0.704059
0.35572
0.56873
0.416579
0.188859
0.376913
0.0712367
0.447696
0.75778
0.16279
0.372563
0.17986
0.441002
0.489555
0.229624
0.650937
0.514332
0.245197
0.67593
0.181261
0.267769
0.758194
0.49938
0.262081
0.338964
0.144584
0.948852
0.223477
0.243908
0.536531
0.631178
0.391366
0.408978
0.373165
0.382808
0.149217
0.134648
0.281676
0.97355
0.46837
0.33359
0.459832
0.654458
0.75021
0.518446
0.179054
0.348735
0.372691
0.0572713
0.234293
0.474496
0.919072
0.345192
0.505524
0.362114
0.094927
0.101756
0.488199
0.351556
0.348328
0.18165
0.361404
0.874528
0.416325
0.173916
0.44526
0.341685
0.48525
0.100398
0.729123
0.434647
0.514462
0.754173
0.114855
0.362643
0.133577
0.424407
0.579968
0.140087
0.185559
0.228055
0.502822
0.302089
0.803295
0.116064
0.481881
0.0821935
0.220256
0.406283
0.716883
0.380632
0.814707
0.686227
0.164464
0.392429
0.321586
0.0809684
0.375201
0.383168
0.317049
0.233082
0.7175
0.13802
0.551617
0.56174
0.784592
0.305593
0.623948
0.387651
0.277234
0.0626471
0.219402
0.459587
0.509803
0.750278
0.233173
0.809196
0.204517
0.498554
0.559711
0.723957
0.670012
0.202767
0.319058
0.121929
0.502088
0.418142
0.824287
0.110294
0.37578
0.356028
0.209341
0.77263
0.662536
0.454177
0.762355
0.541853
0.268283
0.293518
0.570994
0.484441
0.0294
0.570069
0.835006
0.143414
0.568222
0.0944075
0.395908
0.105797
0.18402
0.511217
0.569777
0.251577
0.755368
0.174769
0.366137
0.379623
0.785215
0.444272
0.487885
0.282826
0.264631
0.199445
0.42202
0.0307902
0.522788
0.684449
0.693495
0.182374
0.56314
0.325436
0.772902
0.16989
0.518949
0.428948
0.365585
0.317479
0.378198
0.214536
0.85768
0.425681
0.295938
0.227268
0.355283
0.318838
0.0667216
0.335418
0.208416
0.209841
0.268993
0.261094
0.930885
0.248271
0.629209
0.453456
0.394622
0.352652
0.38231
0.253684
0.571301
0.278505
0.524494
0.430043
0.581395
0.669168
0.0921082
0.853402
0.217831
0.166545
0.44002
0.596905
0.753409
0.280218
1.0043
0.431845
0.663767
0.34296
0.252987
0.352283
0.760798
0.203723
0.67892
0.181526
0.284218
0.478217
0.693621
0.871973
0.703257
0.350503
0.253325
0.740884
0.412013
0.150304
0.374286
0.245315
0.490706
0.139184
0.127725
0.558139
0.253793
0.703555
0.477158
0.463437
0.325089
0.397788
0.497111
0.440135
0.0668202
0.37318
0.0684861
0.515464
0.298905
0.336167
0.463257
0.14183
0.206498
0.664496
0.705465
0.306216
0.546798
0.401129
0.539855
0.108562
0.608534
0.325436
0.462664
0.120005
0.592851
0.726763
0.328459
0.048802
1.28138
0.371923
0.674423
0.775376
0.311093
0.377141
0.663192
0.197679
0.282583
0.423999
0.166626
0.649367
0.335
0.264434
0.191935
0.476266
0.189831
0.518602
0.413308
0.144584
0.313624
0.537049
0.703762
0.136537
0.159377
0.0527985
0.465982
0.446844
0.244617
0.505896
0.333923
0.460835
0.376434
0.319517
0.679016
0.611254
0.862888
0.448546
0.393153
0.602946
0.284569
0.174319
0.243118
0.143544
0.477799
0.543898
0.231776
0.489475
0.610491
0.539566
0.687057
0.509726
0.238551
0.691055
0.964929
0.93373
0.267311
0.178175
0.751823
0.701947
0.38986
0.393115
0.252719
0.708272
0.824689
0.149328
0.0390811
0.681185
0.931152
0.398743
0.643219
0.611064
0.558938
0.153361
0.264402
0.359797
0.656949
0.34129
0.540504
0.461697
0.580603
0.163961
0.514474
0.345162
0.47357
0.365603
0.640798
0.137951
0.40023
0.538538
0.410407
0.204923
0.680963
0.459237
0.532516
0.504351
0.761482
0.250294
0.508614
0.384621
0.253924
0.0628414
0.270468
0.360524
0.395728
0.444224
0.207121
0.187166
0.500405
0.606087
0.295142
0.265863
0.252831
0.487028
0.245691
0.460164
0.211125
0.308739
0.598919
0.31679
0.288726
0.361185
0.272538
0.740248
0.542121
0.410833
0.429596
0.290613
0.227117
0.758646
0.104512
0.520599
0.315678
0.744334
0.600793
0.372463
0.550821
0.441793
0.553036
0.637174
0.719665
0.430321
0.644531
0.43464
0.748487
0.411518
0.128641
0.266872
0.266493
0.582458
0.735973
0.368384
0.526746
0.818117
0.636134
0.139194
0.272414
0.307361
0.460693
0.448128
0.504937
0.0875252
0.337939
0.178062
0.152506
0.320146
0.253107
0.124148
0.399224
0.462487
0.418945
0.600368
0.730127
0.144588
0.466325
0.29054
0.564741
0.633926
0.547604
0.370642
0.267924
0.412497
0.478438
0.653127
0.135468
0.460279
0.512791
0.609321
0.173919
0.425358
0.428194
0.276666
0.437358
0.784143
0.148641
0.454277
0.26516
0.630192
0.448072
0.425158
0.247434
0.441831
0.219316
0.366376
0.262609
0.33388
0.890101
0.332112
0.710374
0.571872
0.54514
0.214372
0.277242
0.736953
0.523628
0.320164
0.442345
0.492474
0.0790677
0.242659
0.399166
0.36038
0.0451018
0.443683
0.610029
0.313858
0.62491
0.264728
0.323777
0.476558
0.242812
0.858649
0.244645
