#CONFIGURATION
#number of particles: 961
#seed:                49
#temperature:         1
#sigma:               1
#epsilon:             1
#normed distance:     1.12246
#r_cut:               1.12246
#dt:                  0.01
#box_width:           34.7963
#box height:          30.2849
#space_in_x:          0.561231
#space_in_y:          0.561231
#axial_ratio:         1
#integration method:  leapfrog integration
#lattice type:        triangular lattice
#boundary conditions: periodic boundaries
#lattice constant:    1.12246
#particle speed:      0.5
#nogui:               1
#runs:                0
#logname:             L1V05.txt
0.0211898
0.194383
0.449503
0.434021
0.342454
0.1084
0.220814
0.351177
0.402704
0.318952
0.307552
0.203829
0.293777
0.379502
0.0586261
0.505672
0.589551
0.34614
0.37375
0.305132
0.105008
0.404526
0.111204
0.120608
0.423036
0.310848
0.0643315
0.0368171
0.148164
0.363335
0.333498
0.398402
0.144273
0.330296
0.51581
0.17112
0.399543
0.346608
0.611123
0.292955
0.372154
0.129688
0.234003
0.0982086
0.382388
0.10807
0.104215
0.233638
0.309791
0.0206713
0.377686
0.230268
0.205565
0.289428
0.332728
0.0993142
0.502981
0.212225
0.143596
0.496727
0.144342
0.227073
0.629557
0.0445283
0.0857683
0.403313
0.425233
0.137601
0.626719
0.420373
0.523327
0.538084
0.493928
0.531127
0.791206
0.348028
0.34183
0.16282
0.148813
0.42138
0.0979834
0.308996
0.529191
0.41755
0.438397
0.24358
0.0987227
0.584632
0.326177
0.376993
0.273911
0.305517
0.708057
0.124761
0.349729
0.204331
0.443234
0.252072
0.164618
0.155499
0.281897
0.348574
0.0739365
0.126197
0.426357
0.562955
0.296823
0.301193
0.269019
0.363767
0.345177
0.485791
0.124323
0.220408
0.156956
0.539033
0.410212
0.605576
0.375806
0.970808
0.17367
0.430166
0.249384
0.313484
0.301843
0.20829
0.229805
0.78003
0.55109
0.26193
0.416761
0.479832
0.0831667
0.194404
0.113067
0.276672
0.0235671
0.438532
0.487076
0.139084
0.211733
0.239899
0.34101
0.211322
0.342237
0.157884
0.405019
0.37877
0.175679
0.931229
0.548887
0.231827
0.215856
0.128962
0.437145
0.514273
0.139932
0.191116
0.215355
0.19821
0.400056
0.526665
0.306009
0.613824
0.104662
0.513416
0.260752
0.342446
0.257334
0.619788
0.45062
0.130125
0.137296
0.45519
0.406685
0.284877
0.396178
0.1085
0.299539
0.622283
0.441318
0.225558
0.228293
0.209031
0.188885
0.364453
0.415708
0.291448
0.298148
0.177755
0.39306
0.319268
0.329742
0.440492
0.218284
0.235537
0.157437
0.711102
0.153064
0.283281
0.172518
0.220435
0.552166
0.0937764
0.439015
0.477272
0.380243
0.337274
0.428112
0.386187
0.275921
0.155202
0.311661
0.3632
0.301178
0.275782
0.446462
0.509748
0.529277
0.0661158
0.207091
0.378038
0.255284
0.285558
0.307808
0.424179
0.258125
0.283734
0.0686741
0.174159
0.106345
0.293591
0.615501
0.237149
0.253829
0.404266
0.19263
0.0475144
0.257344
0.159142
0.401885
0.0377191
0.146339
0.232323
0.250611
0.859362
0.211199
0.330848
0.0471939
0.104537
0.655142
0.16296
0.3875
0.760029
0.522779
0.193625
0.294272
0.377152
0.123215
0.272375
0.252977
0.76451
0.546934
0.364199
0.351052
0.301473
0.273106
0.136099
0.209496
0.0982372
0.101191
0.208747
0.0993386
0.389224
0.196034
0.100203
0.471951
0.550676
0.455706
0.534739
0.600769
0.261847
0.400003
0.119427
0.207464
0.406902
0.217761
0.311972
0.104784
0.465289
0.0685303
0.224668
0.287711
0.315159
0.342206
0.422093
0.463736
0.386539
0.120445
0.2809
0.451145
0.215173
0.555424
0.548688
0.563796
0.1158
0.26979
0.491308
0.92767
0.472837
0.196437
0.362784
0.279877
0.409329
0.245974
0.379475
0.489106
0.181281
0.433841
0.455478
0.157753
0.37514
0.263043
0.134551
0.233712
0.412435
0.581775
0.159339
0.360583
0.510104
0.129367
0.19953
0.423807
0.345613
0.583764
0.55482
0.424932
0.511207
0.310997
0.233634
0.126994
0.415398
0.310048
0.407904
0.296106
0.820525
0.419573
0.332819
0.0178371
0.495811
0.451065
0.13995
0.522481
0.394218
0.218184
0.419992
0.201654
0.284489
0.0178801
0.372625
0.559616
0.264469
0.113451
0.229285
0.188904
0.325262
0.131029
0.698139
0.129267
0.415443
0.492557
0.338541
0.187719
0.159238
0.421073
0.550624
0.244041
0.180409
0.0335843
0.233319
0.235778
0.289217
0.103289
0.442821
0.195679
0.722591
0.23276
0.385294
0.529323
0.339956
0.160207
0.445089
0.186724
0.267017
0.421259
0.221118
0.327752
0.509638
0.22536
0.644546
0.497137
0.16387
0.48198
0.346892
0.56056
0.0170144
0.343169
0.330973
0.138116
0.201869
0.372877
0.316143
0.280526
0.489567
0.0758201
0.207579
0.624062
0.127823
0.00216715
0.334258
0.258693
0.260484
0.18618
0.40981
0.394012
0.151749
0.135996
0.250067
0.217919
0.108277
0.736867
0.475402
0.277762
0.487984
0.472086
0.521881
0.249365
0.375919
0.597387
0.20098
0.465899
0.401966
0.173319
0.501879
0.237609
0.429699
0.342116
0.159122
0.104288
0.438934
0.586581
0.208447
0.146455
0.347633
0.406977
0.419927
0.873053
0.459595
0.617609
0.448907
0.39209
0.472103
0.423151
0.498285
0.409234
0.144766
0.463292
0.142327
0.424241
0.328933
0.352513
0.415879
0.683109
0.136501
0.541188
0.314092
0.140203
0.226259
0.59625
0.664372
0.246675
0.391428
0.378315
0.212584
0.0732672
0.201145
0.214548
0.564316
0.787723
0.47131
0.56574
0.299874
0.418072
0.361561
0.0966855
0.195774
0.491397
0.304177
0.312381
0.170257
0.50853
0.408285
0.192257
0.311171
0.34161
0.376975
0.437612
0.129385
0.267381
0.274449
0.343815
0.440167
0.372293
0.218771
0.457068
0.544429
0.123546
0.299851
0.256604
0.383973
0.283192
0.208362
0.0470718
0.250563
0.455433
0.534918
0.357759
0.347496
0.161594
0.219953
0.45084
0.150063
0.297655
0.349765
0.483272
0.0328984
0.332079
0.312748
0.154877
0.387921
0.385495
0.277768
0.614583
0.517841
0.267691
0.487958
0.29164
0.549676
0.476142
0.547329
0.219363
0.550467
0.448785
0.142175
0.267595
0.273674
0.391028
0.41189
0.2327
0.383898
0.317811
0.401559
0.397669
0.409794
0.347629
0.384424
0.24289
0.382619
0.371791
0.257301
0.343749
0.275845
0.410218
0.369771
0.483377
0.177101
0.290423
0.222355
0.427543
0.602464
0.139568
0.0929585
0.328952
0.729216
0.354328
0.088378
0.194279
0.159649
0.39246
0.25005
0.185627
0.217297
0.218372
0.616049
0.29514
0.651169
0.0257642
0.479708
0.00882408
0.406978
0.281154
0.438493
0.155289
0.0662294
0.193581
0.708906
0.122502
0.123734
0.309739
0.187596
0.233463
0.449674
0.584184
0.17042
0.166962
0.191062
0.120461
0.116495
0.101082
0.215095
0.143664
0.264164
0.322471
0.476791
0.287117
0.509819
0.552047
0.361653
0.0975747
0.292216
0.215892
0.311395
0.395003
0.227935
0.367877
0.288311
0.300097
0.325247
0.237699
0.408085
0.320782
0.0561849
0.242929
0.576446
0.605972
0.222418
0.631306
0.177669
0.307083
0.443332
0.319136
0.379319
0.393511
0.0839415
0.321935
0.647217
0.117217
0.449355
0.0160052
0.461392
0.0862962
0.21296
0.165124
0.350167
0.268455
0.483756
0.068294
0.482241
0.418743
0.385907
0.302579
0.379162
0.205734
0.38032
0.138855
0.48636
0.537515
0.0341318
0.252927
0.183891
0.334492
0.198373
0.337989
0.311742
0.361303
0.0334433
0.309209
0.0888356
0.885488
0.319262
0.0625759
0.400374
0.347141
0.135646
0.161622
0.0951537
0.736023
0.274168
0.369399
0.240165
0.286187
0.0345437
0.262426
0.14031
0.207917
0.189409
0.409957
0.133646
0.552429
0.133938
0.451821
0.357074
0.210901
0.129442
0.207325
0.15607
0.717768
0.320295
0.756932
0.335961
0.0642907
0.482394
0.404868
0.346095
0.191928
0.42093
0.318683
0.213921
0.475555
0.281672
0.497247
0.482591
0.283076
0.299589
0.173785
0.343833
0.555292
0.161224
0.442012
0.412962
0.22032
0.55306
0.157851
0.186733
0.498791
0.318925
0.392366
0.260658
0.11072
0.745015
0.212034
0.77221
0.256585
0.398176
0.404446
0.505076
0.149688
0.43538
0.0363222
0.130514
0.146812
0.468656
0.544179
0.177099
0.216719
0.356731
0.361093
0.584632
0.252668
0.0692258
0.0344564
0.40254
0.296246
0.196058
0.4882
0.55476
0.418662
0.265786
0.316835
0.544205
0.937391
0.356073
0.58678
0.138559
0.255917
0.16504
0.293833
0.215301
0.310382
0.20709
0.245443
0.371966
0.453396
0.376855
0.327336
0.426106
0.4821
0.395448
0.585892
0.510428
0.373423
0.328058
0.567798
0.0634499
0.525815
0.41505
0.386566
0.528306
0.49163
0.304803
0.457271
0.37226
0.337706
0.264109
0.997975
0.386539
0.96381
0.112592
0.218246
0.218074
0.247238
0.202008
0.246436
0.267437
0.46109
0.302294
0.399263
0.386561
0.482101
0.414994
0.650943
0.157574
0.0985202
0.444488
0.359985
0.391964
0.082915
0.467694
0.328766
0.558002
0.42575
0.299098
0.161459
0.213362
0.20092
0.12965
0.221334
0.245777
0.865835
0.41782
0.34392
0.367419
0.320461
0.666157
0.510634
0.352661
0.32224
0.430015
0.376595
0.370175
0.408962
0.484543
0.448953
0.259792
0.682289
0.590783
0.41556
0.296092
0.14756
0.259471
0.326533
0.0518599
0.567966
0.35498
0.253822
0.423603
0.141473
0.440439
0.259246
0.509073
0.22068
0.369302
0.367518
0.0336096
0.498698
0.277056
0.672889
0.059879
0.193764
0.402056
0.181952
0.302433
0.253501
0.279225
0.10104
0.473027
0.210129
0.230363
0.0939168
0.268874
0.283809
0.302968
0.242328
0.103745
0.17622
0.3069
0.226342
0.261712
0.147898
0.430811
0.466643
0.445904
0.198918
0.396888
0.52138
0.369887
0.268055
0.389209
0.626114
0.316169
0.347408
0.354779
0.604062
0.119523
0.205773
0.214921
0.326262
0.347967
0.483878
0.415655
0.0573573
0.424933
0.470378
0.495266
0.159975
0.481294
0.327698
0.180766
0.438679
0.458627
0.485574
0.421245
0.160157
0.537023
0.309523
0.0799735
0.485062
0.281335
0.162485
0.44865
0.201837
0.737839
0.306265
0.527096
0.251917
0.330402
0.100834
0.241196
0.543167
0.270329
0.203896
