#CONFIGURATION
#number of particles: 961
#seed:                49
#temperature:         1
#sigma:               1
#epsilon:             1
#normed distance:     1.12246
#r_cut:               1.12246
#dt:                  0.01
#box_width:           27.8371
#box height:          24.2279
#space_in_x:          0.448985
#space_in_y:          0.448985
#axial_ratio:         1
#integration method:  leapfrog integration
#lattice type:        triangular lattice
#boundary conditions: periodic boundaries
#lattice constant:    0.89797
#particle speed:      0.5
#nogui:               1
#runs:                0
#logname:             L08V05.txt
0.861783
0.693108
0.538975
1.06915
0.650596
0.47957
0.727371
1.23429
0.0827546
0.472934
1.78594
0.856581
0.204731
0.896603
0.450935
0.386258
1.1309
0.606445
0.878897
0.809482
1.36484
1.57159
0.329467
1.4825
0.65739
0.578115
0.332866
0.293156
0.512767
0.155546
0.952345
1.93885
0.935275
0.512531
0.414289
0.406037
0.800184
0.352357
0.469116
0.623874
0.915205
0.504671
0.833904
1.25223
0.822512
0.338043
0.750749
0.321424
0.78715
0.810677
0.0905674
0.594978
0.243791
0.608618
0.799879
0.554678
0.513128
0.497958
0.950904
0.996659
0.644757
1.36488
0.817199
0.665602
0.541266
1.03226
0.992494
1.14053
1.22964
1.17548
0.376284
0.462007
0.796665
0.580225
0.668401
0.453621
0.318663
1.0526
1.07107
0.355754
0.996017
0.845253
0.42801
1.19837
1.07386
1.66034
0.411117
0.891203
1.17462
0.589544
1.11851
1.64399
0.320876
1.04469
0.438996
0.436569
0.562963
1.08787
0.266296
1.19471
1.00559
0.355358
0.394472
2.03525
1.1449
0.166803
0.499181
1.15818
0.568965
0.552974
0.672334
0.899941
0.506609
0.585404
0.52326
0.962194
0.562153
0.761779
0.366556
0.584094
0.821962
1.05177
1.48333
0.378019
0.713323
0.550958
0.719608
0.746135
0.818796
0.607923
1.26522
0.911611
0.823722
0.305398
1.53599
1.09051
1.17582
1.0115
0.526317
0.164382
0.807591
0.696306
0.442174
1.09597
0.456054
1.42965
0.850261
0.745904
1.06479
0.18661
0.188824
0.525107
0.268594
0.439168
0.626072
0.675639
0.813221
0.864571
0.494994
1.30804
1.10426
0.382253
0.42406
0.264749
1.41679
0.0900641
0.549483
1.19262
0.259345
0.860581
0.51751
0.900476
0.82609
0.634894
0.14041
1.1122
0.40875
0.624524
0.79508
0.89239
0.541327
1.05626
0.780595
1.86231
0.571008
0.536275
1.23067
0.426589
0.591424
0.762008
0.355835
0.703208
0.59162
0.573567
0.246254
0.904349
0.811098
0.380016
0.242406
1.26066
0.924732
0.949572
0.130861
0.840389
0.305907
0.944612
0.822452
1.28788
1.00773
0.251854
0.875504
0.279096
0.324793
0.488967
0.267189
1.36533
0.626858
0.771207
0.483907
1.30334
0.844788
0.7354
1.82248
0.846939
0.47004
0.52313
0.380833
0.988667
0.293321
0.617762
0.735593
1.10771
0.183221
1.08928
0.381452
1.12501
0.513794
0.564411
0.560658
0.5968
0.533112
0.638486
0.529514
0.602127
0.837198
1.30503
1.38518
0.607347
0.563187
0.355678
0.442177
0.279865
1.2482
0.595923
1.60956
0.282296
1.01156
0.870066
0.645276
0.408943
0.253522
0.0164264
0.32417
0.871029
0.827708
0.151845
1.88675
0.435301
0.590462
0.801412
0.864138
0.592958
0.217154
1.67162
0.539058
1.11631
0.88606
0.954119
1.30372
0.243994
0.47182
0.674013
0.498843
1.221
0.495994
0.793089
0.889913
0.926584
0.761031
0.609229
2.08597
0.473525
0.90664
1.13845
0.240832
1.00723
0.789967
0.792645
0.301717
0.232257
0.721814
0.973274
0.970585
0.881937
1.77874
1.73504
0.479727
0.452842
1.23314
0.856149
0.768053
0.269091
1.16972
0.384028
0.387018
0.552117
0.671192
0.926949
0.633349
0.43434
0.320943
1.00517
0.818349
0.416302
0.303935
0.363601
0.843408
0.383323
0.426774
0.791655
0.574319
0.148944
0.782981
0.153618
0.434982
0.802967
0.87482
1.20773
0.713186
0.951724
0.663142
1.04494
0.86046
1.193
0.700825
0.430672
1.06249
0.855827
0.177501
0.649804
0.633816
0.932867
1.28901
0.453197
0.454305
0.454381
0.788978
0.0793501
0.208863
0.793725
0.615672
0.835647
0.407101
0.39785
0.572955
0.248697
0.825364
0.999424
0.229094
0.251283
0.594865
0.761805
0.861073
0.709056
0.0673117
0.270281
1.24541
1.17935
1.20648
0.521231
0.310461
1.31197
0.583222
0.743755
0.893822
0.446535
1.00939
1.55134
1.28271
0.752226
1.05659
0.543724
0.908386
0.688286
1.30156
0.54237
1.1684
0.776974
0.222723
1.58321
0.34069
0.294041
0.829135
0.788897
0.203124
1.21421
1.30943
0.466427
0.70111
1.25375
0.864678
0.920501
0.803362
1.85452
0.78771
1.63285
0.625486
0.450265
1.6388
0.705356
0.447903
1.12496
0.243799
1.64227
0.283561
0.423202
0.612932
0.730452
0.685792
0.211842
0.738837
0.684198
1.52852
1.23618
0.761649
0.947307
0.33373
1.4643
0.338297
0.741551
0.872599
0.565545
0.586076
0.837027
0.280219
0.353609
1.26626
0.475086
0.693304
0.364946
0.626056
0.190259
1.11162
0.389047
0.755075
0.371036
0.627788
0.345589
0.39029
1.04853
0.360366
0.472856
1.21364
0.536122
0.614106
1.0021
0.197661
1.62805
1.31746
0.152157
0.429954
0.696573
0.237931
0.65933
1.22935
0.259768
0.588416
1.02045
0.728966
0.693875
0.520268
0.717617
0.430707
0.354718
0.376425
0.161187
0.258638
0.476404
0.639688
0.440585
0.17555
0.843491
1.34645
0.500503
0.743011
0.668314
0.759615
1.51092
1.32076
0.379824
0.699086
0.510694
0.971743
0.629868
0.947839
1.52089
0.15919
1.31966
1.0716
0.416743
0.728666
0.138009
0.920159
0.952124
0.614988
0.395554
0.957635
0.932828
0.37719
0.186285
0.355247
0.625758
0.310443
0.325385
1.45397
0.37323
0.541175
0.839031
0.861606
1.10284
0.917684
1.31952
0.611708
0.877217
0.974986
0.425363
1.15261
0.331185
1.22407
0.654508
0.697165
0.367249
0.196373
0.263598
0.412752
0.796772
0.380871
0.546205
0.251467
0.459202
1.16321
0.844447
0.701519
0.38798
0.54886
0.509472
1.23498
0.423215
0.7931
0.938265
0.238982
0.712136
1.07441
1.50293
0.506098
1.11488
0.208721
0.723996
1.13561
0.318004
0.255174
1.01961
0.486558
0.790397
1.35402
0.538938
0.345652
1.36137
0.453261
0.825335
0.764197
0.167317
0.336958
0.537368
0.925961
0.373123
0.164126
1.00753
0.829464
0.50739
0.312494
1.10211
0.404325
0.315889
1.20408
0.383117
0.432692
0.354494
0.544088
0.698472
0.986179
0.444098
0.946644
1.07288
1.68989
0.48762
1.76161
0.808142
0.748599
0.557898
0.439289
0.73243
0.887476
0.630509
1.45019
0.670456
0.697992
0.397348
0.935451
1.78793
0.339775
0.283614
1.34289
1.15431
1.59529
0.96989
1.14416
1.29924
0.684438
0.292878
0.493836
0.308974
0.959998
1.44189
0.675074
0.370226
0.807333
0.104889
0.93167
0.546687
1.17976
0.296705
0.558253
1.24166
0.523872
0.902897
0.7426
0.743605
0.473677
0.274493
1.04127
1.43791
0.412048
0.679799
1.0147
1.30274
0.557138
0.485704
0.609387
0.487803
0.773979
0.641543
1.622
0.528971
1.30503
0.916165
0.457917
0.350527
1.02957
0.844646
0.846563
0.470168
0.896766
0.612388
0.119259
1.17385
1.29903
0.60292
0.661199
0.536446
0.768655
1.09223
0.273588
1.1771
0.509765
1.47131
0.670056
0.985348
0.579856
1.49886
1.5656
0.401336
1.05614
0.377965
0.232928
1.76887
0.215564
0.669359
1.71468
0.441085
0.269873
0.462356
0.687453
0.26452
1.18243
0.892554
1.20223
0.82152
0.154517
0.695746
0.330783
0.462377
0.201102
0.20416
0.897669
0.444073
0.399704
0.880587
0.773446
0.818041
0.490521
0.896628
0.913794
0.704289
0.672737
0.34783
0.547321
0.228383
0.341711
0.603749
1.01116
0.381314
1.2485
0.386489
0.0978686
0.140166
0.427679
0.623704
0.814487
0.86532
0.499628
0.17433
1.86587
0.260886
0.997033
0.665556
0.418885
0.297425
0.753392
0.474117
0.771813
0.450816
0.569928
0.69786
1.09426
0.69631
1.11227
0.339365
1.29095
0.485165
0.238043
0.868858
1.11336
0.240922
0.529918
0.942223
0.219468
0.423704
1.74966
1.0817
0.418254
0.525979
0.884486
1.23984
0.158228
0.96779
0.944022
1.55676
0.511195
0.965864
0.431816
1.30181
0.353825
0.412116
0.984514
0.687568
0.505222
1.13568
0.469576
0.653056
0.367608
0.833164
0.907011
1.56905
0.626395
0.919126
0.883533
1.16869
1.03986
0.114136
0.700416
0.94522
0.299899
0.411024
0.861606
0.412085
1.01395
0.267188
1.11315
0.095773
0.767178
0.874051
0.502024
0.718723
1.29201
0.45556
1.03874
0.716532
0.857235
0.371771
0.770959
1.01731
0.893445
0.9139
0.35115
0.902877
0.421625
1.11247
0.281045
1.03838
0.818352
0.199322
0.358612
0.309922
0.606624
0.0402594
0.830674
1.10598
0.959792
0.871957
0.496817
0.974265
0.403603
2.12778
0.453645
1.29739
0.290758
0.506062
0.570409
1.44688
0.91094
0.7993
0.847404
0.992405
0.296734
0.283574
0.431911
0.739576
0.986895
0.977558
0.140737
0.445522
0.929349
0.61291
1.42102
0.821095
0.793523
0.61083
0.6178
0.989766
0.311242
1.25682
1.61374
0.311176
0.317529
0.954219
0.425925
0.487322
0.46333
0.761137
0.714361
0.5308
1.32861
1.00258
0.853701
0.267394
1.50315
0.783249
1.07296
1.29857
0.321595
0.823845
0.839056
0.503634
1.24145
0.397988
0.842506
0.224219
0.144115
1.32948
0.903737
0.768307
0.992938
0.84207
0.345019
0.644229
0.466168
0.705061
1.60516
1.09218
1.20309
0.593313
0.899537
0.257761
0.658757
0.287908
0.576591
0.935155
0.401483
0.0899328
1.60106
2.23778
0.673041
0.895976
0.320631
0.998483
1.50263
0.427303
0.56089
0.617077
0.857039
0.453473
0.691141
0.547831
1.29673
0.800446
0.368779
1.61616
0.496322
0.646909
1.55675
0.561976
0.933851
1.43779
0.789209
0.308499
0.992566
0.324339
1.63836
0.47269
0.232539
0.470264
0.174816
0.148956
0.2676
0.388486
1.09639
0.76779
1.46921
0.630375
0.743028
