#CONFIGURATION
#number of particles: 961
#seed:                49
#temperature:         1
#sigma:               1
#epsilon:             1
#normed distance:     1.12246
#r_cut:               1.12246
#dt:                  0.01
#box_width:           48.7149
#box height:          42.3988
#space_in_x:          0.785723
#space_in_y:          0.785723
#axial_ratio:         1
#integration method:  leapfrog integration
#lattice type:        triangular lattice
#boundary conditions: periodic boundaries
#lattice constant:    1.57145
#particle speed:      0.5
#nogui:               1
#runs:                0
#logname:             L14V05.txt
0.58542
0.436122
0.590742
0.520902
0.403494
0.23548
0.210857
0.424589
0.529943
0.598833
0.0581496
0.105768
0.424842
0.1949
0.320275
0.373465
1.08918
0.0973258
0.216929
0.868952
0.377504
0.794189
0.50583
0.315131
0.279112
0.381975
0.641287
0.36221
0.264938
0.260358
0.192408
0.877476
0.42801
0.571462
0.0676407
0.78198
0.739588
0.462418
0.417734
0.350522
0.49994
0.297798
0.486109
0.596965
0.164798
0.681462
0.493418
0.347639
0.118611
0.311476
0.672731
0.0252517
0.663726
0.558354
0.215504
0.476317
0.771137
0.468169
0.595277
0.627174
0.274729
0.67105
1.05834
0.409793
0.615558
0.446097
0.312996
0.750902
0.351268
0.786561
0.838785
0.204242
0.351374
0.182524
0.633705
0.470221
0.0820745
0.301469
0.483975
0.652235
0.511199
0.182815
0.375806
0.459858
0.460148
0.225502
0.269779
0.247842
0.481674
0.589037
0.330504
0.398679
0.481484
0.386076
0.206807
0.275551
0.151553
0.0566903
0.548407
0.171968
0.339856
0.681398
0.458276
0.227007
0.235315
0.757223
0.515486
0.205799
0.74358
0.666083
0.56235
0.478381
0.1941
0.672216
0.258786
0.189374
0.392515
0.872493
0.364797
0.730015
0.392761
0.1469
0.880656
0.328427
0.213937
0.597932
0.235797
0.352925
0.218575
0.341047
0.778345
0.397264
0.365583
0.188924
0.504166
0.530438
0.260838
0.309513
0.222308
0.544747
0.177475
0.445548
0.565942
0.494796
0.457074
0.381794
0.931331
0.326485
0.414388
0.396925
0.247425
0.321009
0.641776
0.577001
0.316903
0.386871
0.242252
0.0661232
0.273431
0.668908
0.690161
0.690021
0.816885
0.537092
0.801596
0.316705
0.177153
0.205255
0.320185
0.168056
0.303206
0.500419
0.20617
0.400115
0.661007
0.327891
0.493288
0.437323
0.369643
0.321103
0.462895
0.732611
0.187999
0.195324
0.482687
0.101182
0.496485
0.151241
0.182403
0.32887
0.285508
0.10054
0.18443
0.050718
0.426436
0.84829
0.339942
0.685983
0.171267
0.147085
0.418514
0.135054
0.577463
0.405185
0.318986
0.262895
0.239711
0.405265
0.397192
0.13664
0.445593
0.931841
0.435454
0.871537
0.440509
0.423066
0.298385
0.671004
0.34871
0.429658
0.269984
0.788033
0.896863
0.588766
0.231721
0.30762
0.228818
0.441676
1.13008
0.592618
0.375177
0.305989
0.200575
0.650399
0.0556559
0.297582
0.32049
0.15855
0.596935
0.602565
0.218486
0.204974
0.0612623
0.215284
0.496667
0.590471
0.215629
0.257941
0.658352
0.953093
0.415269
0.0467948
0.312479
0.373887
0.517987
0.512382
0.364932
0.0639352
0.245501
0.178626
0.0926611
0.660912
0.129965
0.301452
0.198712
0.777849
0.974202
0.495667
0.391535
0.211106
0.648487
0.171197
0.489898
0.212698
0.264106
0.726798
0.257968
0.742508
0.303737
0.445488
0.217709
0.583074
0.71033
0.395084
0.481488
0.123096
0.328742
0.759477
0.285497
0.337753
0.291219
0.459135
0.551266
0.616721
0.433004
0.757019
0.477482
0.787106
0.608805
0.501617
0.0701878
0.446143
0.108551
0.420462
0.289115
0.242019
0.511542
0.518623
0.292115
0.618097
0.824404
0.50916
0.291328
0.243875
0.169207
0.865811
0.475786
0.466495
0.0968703
0.78318
0.129862
0.0623665
0.63611
0.276128
0.682307
0.171415
0.528816
0.39565
0.156683
0.879516
0.531968
0.267558
0.777651
0.392472
0.25959
0.528374
0.53965
0.476071
0.200636
0.355104
0.255994
0.295499
0.204993
0.610457
0.228419
0.300011
0.252529
0.13593
0.759361
0.465144
0.33427
0.310948
0.560229
0.134876
0.429666
0.748767
0.546065
0.516462
0.703322
0.799661
0.148337
0.150091
0.959538
0.349637
0.375431
0.203967
0.109417
0.112361
0.689119
0.216491
0.540915
0.48424
0.414146
0.252753
0.424381
0.943824
0.759802
0.52404
0.663189
0.384098
0.415469
0.359375
0.450007
0.730258
0.253997
0.272391
0.249224
0.474928
0.463499
0.870963
0.663047
0.633486
0.223035
0.386378
0.227252
0.391131
0.816738
0.312527
0.0451275
0.105028
0.0255249
0.486351
0.482109
0.276745
0.59141
0.687026
0.259391
0.245387
0.108483
0.578589
0.115538
0.480513
0.587924
0.394754
0.439167
0.462335
0.257497
0.674211
0.676468
0.377763
0.3402
0.907499
0.354281
0.411937
0.290755
0.0341183
0.455938
0.406855
0.788255
0.65777
0.344763
0.466153
0.597647
0.100972
0.324235
0.238925
0.515554
0.315203
0.520857
0.405389
0.477221
0.273519
0.453252
0.363335
0.163027
0.347978
0.798329
0.138994
0.713579
0.508495
0.396966
0.651018
0.148565
0.843907
0.477194
0.300543
0.542513
0.365396
0.340642
0.279581
0.267275
0.0831014
0.310354
0.180436
0.5789
0.246403
0.0359395
0.35099
0.381394
0.362868
0.494745
0.45478
0.30335
0.45689
0.724151
0.667133
0.136313
0.338856
0.41093
0.42968
0.660698
1.01595
0.452289
0.299427
0.479739
0.244819
0.937634
0.0989024
0.533748
0.774912
0.277535
0.384754
0.609076
0.453196
0.564095
0.383437
0.555207
0.0900133
0.13967
0.188124
0.25237
0.327563
0.439973
0.15189
0.339121
0.676307
0.77829
0.144202
0.296221
0.391054
0.248618
0.122404
0.85248
0.608043
0.283765
0.459619
1.13579
0.12302
0.404274
0.402905
0.366123
0.275482
0.116819
0.420847
0.502483
0.669876
0.635105
0.0939611
0.550854
0.118025
0.380571
0.37507
0.185279
0.337312
0.359008
0.254525
0.67275
0.331425
0.633075
0.563832
0.491299
0.182141
0.209608
0.402135
0.261797
0.277874
0.235814
0.48398
0.227344
0.131008
0.73453
0.116186
0.58258
0.851976
0.55839
0.283401
0.0974296
0.113658
0.656281
0.363517
0.438952
0.371627
0.414472
0.588606
0.711884
0.516489
0.148393
0.305899
0.235413
0.294569
0.396638
0.615762
0.355101
1.02946
0.491653
0.847202
0.495378
0.88601
0.584539
0.469519
0.288624
0.225601
0.234694
0.185695
0.152172
0.892903
0.411225
0.276594
0.30092
0.46966
0.0611668
0.311233
0.202197
0.347129
1.03011
0.340873
0.5937
0.380688
0.39925
0.257478
0.30102
0.183004
0.398556
0.180479
0.858865
0.150914
0.302968
0.276712
0.263925
0.807015
0.43253
0.542581
0.897934
0.617869
0.94135
0.849561
0.397915
0.378338
0.452635
0.226636
0.307673
0.453362
0.524297
0.245741
0.779733
0.842425
0.528894
0.639597
0.430394
0.322858
0.368206
0.289059
0.779533
0.563121
0.265703
0.35993
0.794864
0.494709
0.322189
0.383712
0.48646
0.353564
0.116254
0.605271
0.154637
0.812082
0.15267
0.275047
0.556234
0.143485
0.344955
0.303392
0.0535463
0.330853
0.0900221
0.647647
0.21813
0.150953
0.523225
0.538269
0.86458
0.15047
0.672533
0.498698
0.487934
0.399532
0.168225
0.21853
0.386267
0.598545
0.600396
0.354574
0.410374
0.519063
0.552919
0.160271
0.419247
0.362993
0.328515
0.166118
0.263171
0.907695
0.522264
0.483537
0.459641
0.0716756
0.388593
0.4575
0.243516
0.310734
0.383275
0.1335
0.475698
0.129588
0.0533238
0.108194
0.300679
0.297328
0.605224
0.422738
0.362511
0.0869251
0.203229
0.959006
0.234062
0.241943
0.477544
0.291134
0.694666
0.616208
0.244779
0.599247
0.339522
0.222877
0.312814
0.250559
0.414586
0.336026
0.316584
0.353739
0.76514
0.454423
0.592883
0.449864
0.61265
0.520554
0.594028
0.168602
0.554219
0.230547
0.275295
0.645321
0.361522
0.443128
0.429112
0.54252
0.155684
0.691383
0.481799
0.37557
0.142975
0.543021
0.763068
0.810565
0.502384
0.346855
0.628214
0.302832
0.202747
0.132683
0.303762
0.73012
0.561675
0.782703
0.615259
0.54619
0.119145
0.214338
0.140435
0.63959
0.241427
0.438734
0.303254
0.242875
0.584005
0.553687
0.377732
0.462927
0.24591
0.305721
0.132709
0.649632
1.03994
0.724622
0.134099
0.542396
0.764527
0.543012
0.406318
0.0614998
0.489782
0.252155
0.41607
0.836401
0.428639
0.206766
0.452105
0.936558
0.476416
0.316836
0.62499
0.308913
0.192273
0.924848
0.357976
0.370617
0.687377
0.32847
0.518224
0.867257
0.234911
0.246955
0.42232
1.17404
0.533551
0.175536
0.481809
0.280551
0.683156
0.780776
0.422246
0.712057
0.951033
0.573745
0.714964
0.119362
0.306615
0.378992
0.543634
0.373827
0.530742
0.361287
0.732857
0.52724
0.635859
0.669502
0.234194
0.286773
0.136377
0.247579
0.858907
0.32895
0.545682
0.149323
0.55836
0.310764
0.993103
0.289931
1.07256
0.345542
0.119709
0.918267
0.32234
0.464218
0.637837
0.493594
0.558627
0.0762967
0.423385
0.538374
0.260416
0.428552
0.81396
0.412985
0.208349
0.317019
0.64146
0.667124
0.349868
0.25548
0.68586
0.540473
0.343775
0.26251
0.693976
0.186011
0.344927
0.764758
0.396482
0.292019
0.485914
0.424483
0.406172
0.149272
0.604391
0.279251
0.031731
0.490938
0.847321
0.539995
0.768703
0.247173
0.53598
0.831454
0.39825
0.896382
0.143057
0.553012
0.411921
0.542914
0.228769
0.748894
0.398897
0.374564
0.399628
0.0895805
0.598905
0.158068
0.958122
0.346789
0.23839
0.589942
0.465123
0.588406
0.358908
0.291714
0.162625
0.304961
0.613221
0.225678
0.29522
0.307137
0.127183
0.487964
0.309942
0.105864
0.217656
0.279058
0.330721
0.395167
0.793043
0.543286
0.561738
0.683173
0.598467
0.443005
0.0209917
0.247771
0.272019
0.80293
0.401943
0.420336
0.614445
0.543709
0.4461
0.499891
0.175771
0.314778
0.315923
0.534107
0.921323
1.01692
0.0941216
0.558908
0.506206
0.520054
0.455795
0.424491
0.705469
0.359139
0.55845
0.223807
0.181779
0.526908
0.508885
0.402336
0.314184
0.0973906
0.466776
0.533162
0.476203
